Room,Cluster,Batch,Department,Exam Day,Student Name,Student ID,Faculty
Room 1,2,19,CS,Monday,John Smith,101,Abigail Young
Room 1,2,19,CS,Monday,Alice Johnson,102,Abigail Young
Room 1,2,20,CS,Monday,Robert Garcia,109,Abigail Young
Room 1,2,20,CS,Monday,Emma White,110,Abigail Young
Room 1,2,21,CS,Monday,Joseph Carter,117,Abigail Young
Room 1,2,21,CS,Monday,Abigail Young,118,Abigail Young
Room 1,2,22,CS,Monday,David Harris,125,Abigail Young
Room 1,2,22,CS,Monday,Samantha Allen,126,Abigail Young
Room 1,2,19,CS,Monday,John Smith,133,Abigail Young
Room 1,2,19,CS,Monday,Alice Johnson,134,Abigail Young
Room 1,2,20,CS,Monday,Robert Garcia,141,Abigail Young
Room 1,2,20,CS,Monday,Emma White,142,Abigail Young
Room 1,2,21,CS,Monday,Joseph Carter,149,Abigail Young
Room 1,2,21,CS,Monday,Abigail Young,150,Abigail Young
Room 1,2,22,CS,Monday,David Harris,157,Abigail Young
Room 1,2,22,CS,Monday,Samantha Allen,158,Abigail Young
Room 1,2,19,CS,Monday,John Smith,165,Abigail Young
Room 1,2,19,CS,Monday,Alice Johnson,166,Abigail Young
Room 1,2,20,CS,Monday,Robert Garcia,173,Abigail Young
Room 1,2,20,CS,Monday,Emma White,174,Abigail Young
Room 1,2,21,CS,Monday,Joseph Carter,181,Abigail Young
Room 1,2,21,CS,Monday,Abigail Young,182,Abigail Young
Room 1,2,22,CS,Monday,David Harris,189,Abigail Young
Room 1,2,22,CS,Monday,Samantha Allen,190,Abigail Young
Room 1,2,19,CS,Monday,John Smith,197,Abigail Young
Room 1,2,19,CS,Monday,Alice Johnson,198,Abigail Young
Room 1,2,20,CS,Monday,Robert Garcia,205,Abigail Young
Room 1,2,20,CS,Monday,Emma White,206,Abigail Young
Room 1,2,21,CS,Monday,Joseph Carter,213,Abigail Young
Room 1,2,21,CS,Monday,Abigail Young,214,Abigail Young
Room 2,2,22,CS,Monday,David Harris,221,David Harris
Room 2,2,22,CS,Monday,Samantha Allen,222,David Harris
Room 2,2,19,CS,Monday,John Smith,224,David Harris
Room 2,2,19,CS,Monday,Alice Johnson,225,David Harris
Room 2,2,20,CS,Monday,Robert Garcia,232,David Harris
Room 2,2,20,CS,Monday,Emma White,233,David Harris
Room 2,2,21,CS,Monday,Joseph Carter,240,David Harris
Room 2,2,21,CS,Monday,Abigail Young,241,David Harris
Room 2,2,22,CS,Monday,David Harris,248,David Harris
Room 2,2,22,CS,Monday,Samantha Allen,249,David Harris
Room 2,2,19,CS,Monday,John Smith,256,David Harris
Room 2,2,19,CS,Monday,Alice Johnson,257,David Harris
Room 2,2,20,CS,Monday,Robert Garcia,264,David Harris
Room 2,2,20,CS,Monday,Emma White,265,David Harris
Room 2,2,21,CS,Monday,Joseph Carter,272,David Harris
Room 2,2,21,CS,Monday,Abigail Young,273,David Harris
Room 2,2,22,CS,Monday,David Harris,280,David Harris
Room 2,2,22,CS,Monday,Samantha Allen,281,David Harris
Room 2,2,19,CS,Monday,John Smith,288,David Harris
Room 2,2,19,CS,Monday,Alice Johnson,289,David Harris
Room 2,2,20,CS,Monday,Robert Garcia,296,David Harris
Room 2,2,20,CS,Monday,Emma White,297,David Harris
Room 2,2,21,CS,Monday,Joseph Carter,304,David Harris
Room 2,2,21,CS,Monday,Abigail Young,305,David Harris
Room 2,2,22,CS,Monday,David Harris,312,David Harris
Room 2,2,22,CS,Monday,Samantha Allen,313,David Harris
Room 2,2,19,CS,Monday,John Smith,320,David Harris
Room 2,2,19,CS,Monday,Alice Johnson,321,David Harris
Room 2,2,20,CS,Monday,Robert Garcia,328,David Harris
Room 2,2,20,CS,Monday,Emma White,329,David Harris
Room 3,2,21,CS,Monday,Joseph Carter,336,Joseph Carter
Room 3,2,21,CS,Monday,Abigail Young,337,Joseph Carter
Room 3,2,22,CS,Monday,David Harris,344,Joseph Carter
Room 3,2,22,CS,Monday,Samantha Allen,345,Joseph Carter
Room 3,2,19,CS,Monday,John Smith,347,Joseph Carter
Room 3,2,19,CS,Monday,Alice Johnson,348,Joseph Carter
Room 3,2,20,CS,Monday,Robert Garcia,355,Joseph Carter
Room 3,2,20,CS,Monday,Emma White,356,Joseph Carter
Room 3,2,21,CS,Monday,Joseph Carter,363,Joseph Carter
Room 3,2,21,CS,Monday,Abigail Young,364,Joseph Carter
Room 3,2,22,CS,Monday,David Harris,371,Joseph Carter
Room 3,2,22,CS,Monday,Samantha Allen,372,Joseph Carter
Room 3,2,19,CS,Monday,John Smith,379,Joseph Carter
Room 3,2,19,CS,Monday,Alice Johnson,380,Joseph Carter
Room 3,2,20,CS,Monday,Robert Garcia,387,Joseph Carter
Room 3,2,20,CS,Monday,Emma White,388,Joseph Carter
Room 3,2,21,CS,Monday,Joseph Carter,395,Joseph Carter
Room 3,2,21,CS,Monday,Abigail Young,396,Joseph Carter
Room 3,2,22,CS,Monday,David Harris,403,Joseph Carter
Room 3,2,22,CS,Monday,Samantha Allen,404,Joseph Carter
Room 3,2,19,CS,Monday,John Smith,411,Joseph Carter
Room 3,2,19,CS,Monday,Alice Johnson,412,Joseph Carter
Room 3,2,20,CS,Monday,Robert Garcia,419,Joseph Carter
Room 3,2,20,CS,Monday,Emma White,420,Joseph Carter
Room 3,2,21,CS,Monday,Joseph Carter,427,Joseph Carter
Room 3,2,21,CS,Monday,Abigail Young,428,Joseph Carter
Room 3,2,22,CS,Monday,David Harris,435,Joseph Carter
Room 3,2,22,CS,Monday,Samantha Allen,436,Joseph Carter
Room 3,2,19,CS,Monday,John Smith,443,Joseph Carter
Room 3,2,19,CS,Monday,Alice Johnson,444,Joseph Carter
Room 4,2,20,CS,Monday,Robert Garcia,451,Emily Davis
Room 4,2,20,CS,Monday,Emma White,452,Emily Davis
Room 4,2,21,CS,Monday,Joseph Carter,459,Emily Davis
Room 4,2,21,CS,Monday,Abigail Young,460,Emily Davis
Room 4,2,22,CS,Monday,David Harris,467,Emily Davis
Room 4,2,22,CS,Monday,Samantha Allen,468,Emily Davis
Room 4,2,19,CS,Monday,John Smith,470,Emily Davis
Room 4,2,19,CS,Monday,Alice Johnson,471,Emily Davis
Room 4,2,20,CS,Monday,Robert Garcia,478,Emily Davis
Room 4,2,20,CS,Monday,Emma White,479,Emily Davis
Room 4,2,21,CS,Monday,Joseph Carter,486,Emily Davis
Room 4,2,21,CS,Monday,Abigail Young,487,Emily Davis
Room 4,2,22,CS,Monday,David Harris,494,Emily Davis
Room 4,2,22,CS,Monday,Samantha Allen,495,Emily Davis
Room 4,2,19,CS,Monday,John Smith,502,Emily Davis
Room 4,2,19,CS,Monday,Alice Johnson,503,Emily Davis
Room 4,2,20,CS,Monday,Robert Garcia,510,Emily Davis
Room 4,2,20,CS,Monday,Emma White,511,Emily Davis
Room 4,2,21,CS,Monday,Joseph Carter,518,Emily Davis
Room 4,2,21,CS,Monday,Abigail Young,519,Emily Davis
Room 4,2,22,CS,Monday,David Harris,526,Emily Davis
Room 4,2,22,CS,Monday,Samantha Allen,527,Emily Davis
Room 4,2,19,CS,Monday,John Smith,534,Emily Davis
Room 4,2,19,CS,Monday,Alice Johnson,535,Emily Davis
Room 4,2,20,CS,Monday,Robert Garcia,542,Emily Davis
Room 4,2,20,CS,Monday,Emma White,543,Emily Davis
Room 4,2,21,CS,Monday,Joseph Carter,550,Emily Davis
Room 4,2,21,CS,Monday,Abigail Young,551,Emily Davis
Room 4,2,22,CS,Monday,David Harris,558,Emily Davis
Room 4,2,22,CS,Monday,Samantha Allen,559,Emily Davis
Room 5,2,19,CS,Monday,John Smith,566,John Smith
Room 5,2,19,CS,Monday,Alice Johnson,567,John Smith
Room 5,2,20,CS,Monday,Robert Garcia,574,John Smith
Room 5,2,20,CS,Monday,Emma White,575,John Smith
Room 5,2,21,CS,Monday,Joseph Carter,582,John Smith
Room 5,2,21,CS,Monday,Abigail Young,583,John Smith
Room 5,2,22,CS,Monday,David Harris,590,John Smith
Room 5,2,22,CS,Monday,Samantha Allen,591,John Smith
Room 5,2,19,CS,Monday,John Smith,593,John Smith
Room 5,2,19,CS,Monday,Alice Johnson,594,John Smith
Room 5,2,20,CS,Monday,Robert Garcia,601,John Smith
Room 5,2,20,CS,Monday,Emma White,602,John Smith
Room 5,2,21,CS,Monday,Joseph Carter,609,John Smith
Room 5,2,21,CS,Monday,Abigail Young,610,John Smith
Room 5,2,22,CS,Monday,David Harris,617,John Smith
Room 5,2,22,CS,Monday,Samantha Allen,618,John Smith
Room 5,2,19,CS,Monday,John Smith,625,John Smith
Room 5,2,19,CS,Monday,Alice Johnson,626,John Smith
Room 5,2,20,CS,Monday,Robert Garcia,633,John Smith
Room 5,2,20,CS,Monday,Emma White,634,John Smith
Room 5,2,21,CS,Monday,Joseph Carter,641,John Smith
Room 5,2,21,CS,Monday,Abigail Young,642,John Smith
Room 5,2,22,CS,Monday,David Harris,649,John Smith
Room 5,2,22,CS,Monday,Samantha Allen,650,John Smith
Room 5,2,19,CS,Monday,John Smith,657,John Smith
Room 5,2,19,CS,Monday,Alice Johnson,658,John Smith
Room 5,2,20,CS,Monday,Robert Garcia,665,John Smith
Room 5,2,20,CS,Monday,Emma White,666,John Smith
Room 5,2,21,CS,Monday,Joseph Carter,673,John Smith
Room 5,2,21,CS,Monday,Abigail Young,674,John Smith
Room 6,2,22,CS,Monday,David Harris,681,John Smith
Room 6,2,22,CS,Monday,Samantha Allen,682,John Smith
Room 6,2,19,CS,Monday,John Smith,689,John Smith
Room 6,2,19,CS,Monday,Alice Johnson,690,John Smith
Room 6,2,20,CS,Monday,Robert Garcia,697,John Smith
Room 6,2,20,CS,Monday,Emma White,698,John Smith
Room 6,2,21,CS,Monday,Joseph Carter,705,John Smith
Room 6,2,21,CS,Monday,Abigail Young,706,John Smith
Room 6,2,22,CS,Monday,David Harris,713,John Smith
Room 6,2,22,CS,Monday,Samantha Allen,714,John Smith
Room 6,2,19,CS,Monday,John Smith,716,John Smith
Room 6,2,19,CS,Monday,Alice Johnson,717,John Smith
Room 6,2,20,CS,Monday,Robert Garcia,724,John Smith
Room 6,2,20,CS,Monday,Emma White,725,John Smith
Room 6,2,21,CS,Monday,Joseph Carter,732,John Smith
Room 6,2,21,CS,Monday,Abigail Young,733,John Smith
Room 6,2,22,CS,Monday,David Harris,740,John Smith
Room 6,2,22,CS,Monday,Samantha Allen,741,John Smith
Room 6,2,19,CS,Monday,John Smith,748,John Smith
Room 6,2,19,CS,Monday,Alice Johnson,749,John Smith
Room 6,2,20,CS,Monday,Robert Garcia,756,John Smith
Room 6,2,20,CS,Monday,Emma White,757,John Smith
Room 6,2,21,CS,Monday,Joseph Carter,764,John Smith
Room 6,2,21,CS,Monday,Abigail Young,765,John Smith
Room 6,2,22,CS,Monday,David Harris,772,John Smith
Room 6,2,22,CS,Monday,Samantha Allen,773,John Smith
Room 6,2,19,CS,Monday,John Smith,780,John Smith
Room 6,2,19,CS,Monday,Alice Johnson,781,John Smith
Room 6,2,20,CS,Monday,Robert Garcia,788,John Smith
Room 6,2,20,CS,Monday,Emma White,789,John Smith
Room 7,2,21,CS,Monday,Joseph Carter,796,Abigail Young
Room 7,2,21,CS,Monday,Abigail Young,797,Abigail Young
Room 7,2,22,CS,Monday,David Harris,804,Abigail Young
Room 7,2,22,CS,Monday,Samantha Allen,805,Abigail Young
Room 7,2,19,CS,Monday,John Smith,812,Abigail Young
Room 7,2,19,CS,Monday,Alice Johnson,813,Abigail Young
Room 7,2,20,CS,Monday,Robert Garcia,820,Abigail Young
Room 7,2,20,CS,Monday,Emma White,821,Abigail Young
Room 7,2,21,CS,Monday,Joseph Carter,828,Abigail Young
Room 7,2,21,CS,Monday,Abigail Young,829,Abigail Young
Room 7,2,22,CS,Monday,David Harris,836,Abigail Young
Room 7,2,22,CS,Monday,Samantha Allen,837,Abigail Young
Room 7,2,19,CS,Monday,John Smith,839,Abigail Young
Room 7,2,19,CS,Monday,Alice Johnson,840,Abigail Young
Room 7,2,20,CS,Monday,Robert Garcia,847,Abigail Young
Room 7,2,20,CS,Monday,Emma White,848,Abigail Young
Room 7,2,21,CS,Monday,Joseph Carter,855,Abigail Young
Room 7,2,21,CS,Monday,Abigail Young,856,Abigail Young
Room 7,2,22,CS,Monday,David Harris,863,Abigail Young
Room 7,2,22,CS,Monday,Samantha Allen,864,Abigail Young
Room 7,2,19,CS,Monday,John Smith,871,Abigail Young
Room 7,2,19,CS,Monday,Alice Johnson,872,Abigail Young
Room 7,2,20,CS,Monday,Robert Garcia,879,Abigail Young
Room 7,2,20,CS,Monday,Emma White,880,Abigail Young
Room 7,2,21,CS,Monday,Joseph Carter,887,Abigail Young
Room 7,2,21,CS,Monday,Abigail Young,888,Abigail Young
Room 7,2,22,CS,Monday,David Harris,895,Abigail Young
Room 7,2,22,CS,Monday,Samantha Allen,896,Abigail Young
Room 7,2,19,CS,Monday,John Smith,903,Abigail Young
Room 7,2,19,CS,Monday,Alice Johnson,904,Abigail Young
Room 8,2,20,CS,Monday,Robert Garcia,911,Ismail
Room 8,2,20,CS,Monday,Emma White,912,Ismail
Room 8,2,21,CS,Monday,Joseph Carter,919,Ismail
Room 8,2,21,CS,Monday,Abigail Young,920,Ismail
Room 8,2,22,CS,Monday,David Harris,927,Ismail
Room 8,2,22,CS,Monday,Samantha Allen,928,Ismail
Room 8,2,19,CS,Monday,John Smith,935,Ismail
Room 8,2,19,CS,Monday,Alice Johnson,936,Ismail
Room 8,2,20,CS,Monday,Robert Garcia,943,Ismail
Room 8,2,20,CS,Monday,Emma White,944,Ismail
Room 8,2,21,CS,Monday,Joseph Carter,951,Ismail
Room 8,2,21,CS,Monday,Abigail Young,952,Ismail
Room 8,2,22,CS,Monday,David Harris,959,Ismail
Room 8,2,22,CS,Monday,Samantha Allen,960,Ismail
Room 8,2,19,CS,Monday,John Smith,962,Ismail
Room 8,2,19,CS,Monday,Alice Johnson,963,Ismail
Room 8,2,20,CS,Monday,Robert Garcia,970,Ismail
Room 8,2,20,CS,Monday,Emma White,971,Ismail
Room 8,2,21,CS,Monday,Joseph Carter,978,Ismail
Room 8,2,21,CS,Monday,Abigail Young,979,Ismail
Room 8,2,22,CS,Monday,David Harris,986,Ismail
Room 8,2,22,CS,Monday,Samantha Allen,987,Ismail
Room 8,2,19,CS,Monday,John Smith,994,Ismail
Room 8,2,19,CS,Monday,Alice Johnson,995,Ismail
Room 8,2,20,CS,Monday,Robert Garcia,1002,Ismail
Room 8,2,20,CS,Monday,Emma White,1003,Ismail
Room 8,2,21,CS,Monday,Joseph Carter,1010,Ismail
Room 8,2,21,CS,Monday,Abigail Young,1011,Ismail
Room 8,2,22,CS,Monday,David Harris,1018,Ismail
Room 8,2,22,CS,Monday,Samantha Allen,1019,Ismail
Room 9,2,19,CS,Monday,John Smith,1026,David Harris
Room 9,2,19,CS,Monday,Alice Johnson,1027,David Harris
Room 9,2,20,CS,Monday,Robert Garcia,1034,David Harris
Room 9,2,20,CS,Monday,Emma White,1035,David Harris
Room 9,2,21,CS,Monday,Joseph Carter,1042,David Harris
Room 9,2,21,CS,Monday,Abigail Young,1043,David Harris
Room 9,2,22,CS,Monday,David Harris,1050,David Harris
Room 9,2,22,CS,Monday,Samantha Allen,1051,David Harris
Room 9,2,19,CS,Monday,John Smith,1058,David Harris
Room 9,2,19,CS,Monday,Alice Johnson,1059,David Harris
Room 9,2,20,CS,Monday,Robert Garcia,1066,David Harris
Room 9,2,20,CS,Monday,Emma White,1067,David Harris
Room 9,2,21,CS,Monday,Joseph Carter,1074,David Harris
Room 9,2,21,CS,Monday,Abigail Young,1075,David Harris
Room 9,2,22,CS,Monday,David Harris,1082,David Harris
Room 9,2,22,CS,Monday,Samantha Allen,1083,David Harris
Room 9,2,19,CS,Monday,John Smith,1085,David Harris
Room 9,2,19,CS,Monday,Alice Johnson,1086,David Harris
Room 9,2,20,CS,Monday,Robert Garcia,1093,David Harris
Room 9,2,20,CS,Monday,Emma White,1094,David Harris
Room 9,2,21,CS,Monday,Joseph Carter,1101,David Harris
Room 9,2,21,CS,Monday,Abigail Young,1102,David Harris
Room 9,2,22,CS,Monday,David Harris,1109,David Harris
Room 9,2,22,CS,Monday,Samantha Allen,1110,David Harris
Room 9,2,19,CS,Monday,John Smith,1117,David Harris
Room 9,2,19,CS,Monday,Alice Johnson,1118,David Harris
Room 9,2,20,CS,Monday,Robert Garcia,1125,David Harris
Room 9,2,20,CS,Monday,Emma White,1126,David Harris
Room 9,2,21,CS,Monday,Joseph Carter,1133,David Harris
Room 9,2,21,CS,Monday,Abigail Young,1134,David Harris
Room 10,2,22,CS,Monday,David Harris,1141,Michael Brown
Room 10,2,22,CS,Monday,Samantha Allen,1142,Michael Brown
Room 10,2,19,CS,Monday,John Smith,1149,Michael Brown
Room 10,2,19,CS,Monday,Alice Johnson,1150,Michael Brown
Room 10,2,20,CS,Monday,Robert Garcia,1157,Michael Brown
Room 10,2,20,CS,Monday,Emma White,1158,Michael Brown
Room 10,2,21,CS,Monday,Joseph Carter,1165,Michael Brown
Room 10,2,21,CS,Monday,Abigail Young,1166,Michael Brown
Room 10,2,22,CS,Monday,David Harris,1173,Michael Brown
Room 10,2,22,CS,Monday,Samantha Allen,1174,Michael Brown
Room 10,2,19,CS,Monday,John Smith,1181,Michael Brown
Room 10,2,19,CS,Monday,Alice Johnson,1182,Michael Brown
Room 10,2,20,CS,Monday,Robert Garcia,1189,Michael Brown
Room 10,2,20,CS,Monday,Emma White,1190,Michael Brown
Room 10,2,21,CS,Monday,Joseph Carter,1197,Michael Brown
Room 10,2,21,CS,Monday,Abigail Young,1198,Michael Brown
Room 10,2,22,CS,Monday,David Harris,1205,Michael Brown
Room 10,2,22,CS,Monday,Samantha Allen,1206,Michael Brown
Room 10,2,19,CS,Monday,John Smith,1208,Michael Brown
Room 10,2,19,CS,Monday,Alice Johnson,1209,Michael Brown
Room 10,2,20,CS,Monday,Robert Garcia,1216,Michael Brown
Room 10,2,20,CS,Monday,Emma White,1217,Michael Brown
Room 10,2,21,CS,Monday,Joseph Carter,1224,Michael Brown
Room 10,2,21,CS,Monday,Abigail Young,1225,Michael Brown
Room 10,2,22,CS,Monday,David Harris,1232,Michael Brown
Room 10,2,22,CS,Monday,Samantha Allen,1233,Michael Brown
Room 10,2,19,CS,Monday,John Smith,1240,Michael Brown
Room 10,2,19,CS,Monday,Alice Johnson,1241,Michael Brown
Room 10,2,20,CS,Monday,Robert Garcia,1248,Michael Brown
Room 10,2,20,CS,Monday,Emma White,1249,Michael Brown
Room 11,2,21,CS,Monday,Joseph Carter,1256,Robert Garcia
Room 11,2,21,CS,Monday,Abigail Young,1257,Robert Garcia
Room 11,2,22,CS,Monday,David Harris,1264,Robert Garcia
Room 11,2,22,CS,Monday,Samantha Allen,1265,Robert Garcia
Room 11,2,19,CS,Monday,John Smith,1272,Robert Garcia
Room 11,2,19,CS,Monday,Alice Johnson,1273,Robert Garcia
Room 11,2,20,CS,Monday,Robert Garcia,1280,Robert Garcia
Room 11,2,20,CS,Monday,Emma White,1281,Robert Garcia
Room 11,2,21,CS,Monday,Joseph Carter,1288,Robert Garcia
Room 11,2,21,CS,Monday,Abigail Young,1289,Robert Garcia
Room 11,2,22,CS,Monday,David Harris,1296,Robert Garcia
Room 11,2,22,CS,Monday,Samantha Allen,1297,Robert Garcia
Room 11,2,19,CS,Monday,John Smith,1304,Robert Garcia
Room 11,2,19,CS,Monday,Alice Johnson,1305,Robert Garcia
Room 11,2,20,CS,Monday,Robert Garcia,1312,Robert Garcia
Room 11,2,20,CS,Monday,Emma White,1313,Robert Garcia
Room 11,2,21,CS,Monday,Joseph Carter,1320,Robert Garcia
Room 11,2,21,CS,Monday,Abigail Young,1321,Robert Garcia
Room 11,2,22,CS,Monday,David Harris,1328,Robert Garcia
Room 11,2,22,CS,Monday,Samantha Allen,1329,Robert Garcia
Room 11,2,19,CS,Monday,John Smith,1331,Robert Garcia
Room 11,2,19,CS,Monday,Alice Johnson,1332,Robert Garcia
Room 11,2,20,CS,Monday,Robert Garcia,1339,Robert Garcia
Room 11,2,20,CS,Monday,Emma White,1340,Robert Garcia
Room 11,2,21,CS,Monday,Joseph Carter,1347,Robert Garcia
Room 11,2,21,CS,Monday,Abigail Young,1348,Robert Garcia
Room 11,2,22,CS,Monday,David Harris,1355,Robert Garcia
Room 11,2,22,CS,Monday,Samantha Allen,1356,Robert Garcia
Room 11,2,19,CS,Monday,John Smith,1363,Robert Garcia
Room 11,2,19,CS,Monday,Alice Johnson,1364,Robert Garcia
Room 12,2,20,CS,Monday,Robert Garcia,1371,Abigail Young
Room 12,2,20,CS,Monday,Emma White,1372,Abigail Young
Room 12,2,21,CS,Monday,Joseph Carter,1379,Abigail Young
Room 12,2,21,CS,Monday,Abigail Young,1380,Abigail Young
Room 12,2,22,CS,Monday,David Harris,1387,Abigail Young
Room 12,2,22,CS,Monday,Samantha Allen,1388,Abigail Young
Room 12,2,19,CS,Monday,John Smith,1395,Abigail Young
Room 12,2,19,CS,Monday,Alice Johnson,1396,Abigail Young
Room 12,2,20,CS,Monday,Robert Garcia,1403,Abigail Young
Room 12,2,20,CS,Monday,Emma White,1404,Abigail Young
Room 12,2,21,CS,Monday,Joseph Carter,1411,Abigail Young
Room 12,2,21,CS,Monday,Abigail Young,1412,Abigail Young
Room 12,2,22,CS,Monday,David Harris,1419,Abigail Young
Room 12,2,22,CS,Monday,Samantha Allen,1420,Abigail Young
Room 12,2,19,CS,Monday,John Smith,1427,Abigail Young
Room 12,2,19,CS,Monday,Alice Johnson,1428,Abigail Young
Room 12,2,20,CS,Monday,Robert Garcia,1435,Abigail Young
Room 12,2,20,CS,Monday,Emma White,1436,Abigail Young
Room 12,2,21,CS,Monday,Joseph Carter,1443,Abigail Young
Room 12,2,21,CS,Monday,Abigail Young,1444,Abigail Young
Room 12,2,22,CS,Monday,David Harris,1451,Abigail Young
Room 12,2,22,CS,Monday,Samantha Allen,1452,Abigail Young
Room 12,2,19,CS,Monday,John Smith,1454,Abigail Young
Room 12,2,19,CS,Monday,Alice Johnson,1455,Abigail Young
Room 12,2,20,CS,Monday,Robert Garcia,1462,Abigail Young
Room 12,2,20,CS,Monday,Emma White,1463,Abigail Young
Room 12,2,21,CS,Monday,Joseph Carter,1470,Abigail Young
Room 12,2,21,CS,Monday,Abigail Young,1471,Abigail Young
Room 12,2,22,CS,Monday,David Harris,1478,Abigail Young
Room 12,2,22,CS,Monday,Samantha Allen,1479,Abigail Young
Room 13,2,19,CS,Monday,John Smith,1486,Jessica Thompson
Room 13,2,19,CS,Monday,Alice Johnson,1487,Jessica Thompson
Room 13,2,20,CS,Monday,Robert Garcia,1494,Jessica Thompson
Room 13,2,20,CS,Monday,Emma White,1495,Jessica Thompson
Room 13,2,21,CS,Monday,Joseph Carter,1502,Jessica Thompson
Room 13,2,21,CS,Monday,Abigail Young,1503,Jessica Thompson
Room 13,2,22,CS,Monday,David Harris,1510,Jessica Thompson
Room 13,2,22,CS,Monday,Samantha Allen,1511,Jessica Thompson
Room 13,2,19,CS,Monday,John Smith,1518,Jessica Thompson
Room 13,2,19,CS,Monday,Alice Johnson,1519,Jessica Thompson
Room 13,2,20,CS,Monday,Robert Garcia,1526,Jessica Thompson
Room 13,2,20,CS,Monday,Emma White,1527,Jessica Thompson
Room 13,2,21,CS,Monday,Joseph Carter,1534,Jessica Thompson
Room 13,2,21,CS,Monday,Abigail Young,1535,Jessica Thompson
Room 13,2,22,CS,Monday,David Harris,1542,Jessica Thompson
Room 13,2,22,CS,Monday,Samantha Allen,1543,Jessica Thompson
Room 13,2,19,CS,Monday,John Smith,1550,Jessica Thompson
Room 13,2,19,CS,Monday,Alice Johnson,1551,Jessica Thompson
Room 13,2,20,CS,Monday,Robert Garcia,1558,Jessica Thompson
Room 13,2,20,CS,Monday,Emma White,1559,Jessica Thompson
Room 13,2,21,CS,Monday,Joseph Carter,1566,Jessica Thompson
Room 13,2,21,CS,Monday,Abigail Young,1567,Jessica Thompson
Room 13,2,22,CS,Monday,David Harris,1574,Jessica Thompson
Room 13,2,22,CS,Monday,Samantha Allen,1575,Jessica Thompson
Room 13,2,19,CS,Monday,John Smith,1577,Jessica Thompson
Room 13,2,19,CS,Monday,Alice Johnson,1578,Jessica Thompson
Room 13,2,20,CS,Monday,Robert Garcia,1585,Jessica Thompson
Room 13,2,20,CS,Monday,Emma White,1586,Jessica Thompson
Room 13,2,21,CS,Monday,Joseph Carter,1593,Jessica Thompson
Room 13,2,21,CS,Monday,Abigail Young,1594,Jessica Thompson
Room 14,2,22,CS,Monday,David Harris,1601,Emma White
Room 14,2,22,CS,Monday,Samantha Allen,1602,Emma White
Room 14,2,19,CS,Monday,John Smith,1609,Emma White
Room 14,2,19,CS,Monday,Alice Johnson,1610,Emma White
Room 14,2,20,CS,Monday,Robert Garcia,1617,Emma White
Room 14,2,20,CS,Monday,Emma White,1618,Emma White
Room 14,2,21,CS,Monday,Joseph Carter,1625,Emma White
Room 14,2,21,CS,Monday,Abigail Young,1626,Emma White
Room 14,2,22,CS,Monday,David Harris,1633,Emma White
Room 14,2,22,CS,Monday,Samantha Allen,1634,Emma White
Room 14,2,19,CS,Monday,John Smith,1641,Emma White
Room 14,2,19,CS,Monday,Alice Johnson,1642,Emma White
Room 14,2,20,CS,Monday,Robert Garcia,1649,Emma White
Room 14,2,20,CS,Monday,Emma White,1650,Emma White
Room 14,2,21,CS,Monday,Joseph Carter,1657,Emma White
Room 14,2,21,CS,Monday,Abigail Young,1658,Emma White
Room 14,2,22,CS,Monday,David Harris,1665,Emma White
Room 14,2,22,CS,Monday,Samantha Allen,1666,Emma White
Room 14,2,19,CS,Monday,John Smith,1673,Emma White
Room 14,2,19,CS,Monday,Alice Johnson,1674,Emma White
Room 14,2,20,CS,Monday,Robert Garcia,1681,Emma White
Room 14,2,20,CS,Monday,Emma White,1682,Emma White
Room 14,2,21,CS,Monday,Joseph Carter,1689,Emma White
Room 14,2,21,CS,Monday,Abigail Young,1690,Emma White
Room 14,2,22,CS,Monday,David Harris,1697,Emma White
Room 14,2,22,CS,Monday,Samantha Allen,1698,Emma White
Room 14,2,19,CS,Monday,John Smith,1700,Emma White
Room 14,2,19,CS,Monday,Alice Johnson,1701,Emma White
Room 14,2,20,CS,Monday,Robert Garcia,1708,Emma White
Room 14,2,20,CS,Monday,Emma White,1709,Emma White
Room 15,2,21,CS,Monday,Joseph Carter,1716,Abigail Young
Room 15,2,21,CS,Monday,Abigail Young,1717,Abigail Young
Room 15,2,22,CS,Monday,David Harris,1724,Abigail Young
Room 15,2,22,CS,Monday,Samantha Allen,1725,Abigail Young
Room 15,2,19,CS,Monday,John Smith,1732,Abigail Young
Room 15,2,19,CS,Monday,Alice Johnson,1733,Abigail Young
Room 15,2,20,CS,Monday,Robert Garcia,1740,Abigail Young
Room 15,2,20,CS,Monday,Emma White,1741,Abigail Young
Room 15,2,21,CS,Monday,Joseph Carter,1748,Abigail Young
Room 15,2,21,CS,Monday,Abigail Young,1749,Abigail Young
Room 15,2,22,CS,Monday,David Harris,1756,Abigail Young
Room 15,2,22,CS,Monday,Samantha Allen,1757,Abigail Young
Room 15,2,19,CS,Monday,John Smith,1764,Abigail Young
Room 15,2,19,CS,Monday,Alice Johnson,1765,Abigail Young
Room 15,2,20,CS,Monday,Robert Garcia,1772,Abigail Young
Room 15,2,20,CS,Monday,Emma White,1773,Abigail Young
Room 15,2,21,CS,Monday,Joseph Carter,1780,Abigail Young
Room 15,2,21,CS,Monday,Abigail Young,1781,Abigail Young
Room 15,2,22,CS,Monday,David Harris,1788,Abigail Young
Room 15,2,22,CS,Monday,Samantha Allen,1789,Abigail Young
Room 15,2,19,CS,Monday,John Smith,1796,Abigail Young
Room 15,2,19,CS,Monday,Alice Johnson,1797,Abigail Young
Room 15,2,20,CS,Monday,Robert Garcia,1804,Abigail Young
Room 15,2,20,CS,Monday,Emma White,1805,Abigail Young
Room 15,2,21,CS,Monday,Joseph Carter,1812,Abigail Young
Room 15,2,21,CS,Monday,Abigail Young,1813,Abigail Young
Room 15,2,22,CS,Monday,David Harris,1820,Abigail Young
Room 15,2,22,CS,Monday,Samantha Allen,1821,Abigail Young
Room 15,2,19,CS,Monday,John Smith,1823,Abigail Young
Room 15,2,19,CS,Monday,Alice Johnson,1824,Abigail Young
Room 16,2,20,CS,Monday,Robert Garcia,1831,John Smith
Room 16,2,20,CS,Monday,Emma White,1832,John Smith
Room 16,2,21,CS,Monday,Joseph Carter,1839,John Smith
Room 16,2,21,CS,Monday,Abigail Young,1840,John Smith
Room 16,2,22,CS,Monday,David Harris,1847,John Smith
Room 16,2,22,CS,Monday,Samantha Allen,1848,John Smith
Room 16,2,19,CS,Monday,John Smith,1855,John Smith
Room 16,2,19,CS,Monday,Alice Johnson,1856,John Smith
Room 16,2,20,CS,Monday,Robert Garcia,1863,John Smith
Room 16,2,20,CS,Monday,Emma White,1864,John Smith
Room 16,2,21,CS,Monday,Joseph Carter,1871,John Smith
Room 16,2,21,CS,Monday,Abigail Young,1872,John Smith
Room 16,2,22,CS,Monday,David Harris,1879,John Smith
Room 16,2,22,CS,Monday,Samantha Allen,1880,John Smith
Room 16,2,19,CS,Monday,John Smith,1887,John Smith
Room 16,2,19,CS,Monday,Alice Johnson,1888,John Smith
Room 16,2,20,CS,Monday,Robert Garcia,1895,John Smith
Room 16,2,20,CS,Monday,Emma White,1896,John Smith
Room 16,2,21,CS,Monday,Joseph Carter,1903,John Smith
Room 16,2,21,CS,Monday,Abigail Young,1904,John Smith
Room 16,2,22,CS,Monday,David Harris,1911,John Smith
Room 16,2,22,CS,Monday,Samantha Allen,1912,John Smith
Room 16,2,19,CS,Monday,John Smith,1919,John Smith
Room 16,2,19,CS,Monday,Alice Johnson,1920,John Smith
Room 16,2,20,CS,Monday,Robert Garcia,1927,John Smith
Room 16,2,20,CS,Monday,Emma White,1928,John Smith
Room 16,2,21,CS,Monday,Joseph Carter,1935,John Smith
Room 16,2,21,CS,Monday,Abigail Young,1936,John Smith
Room 16,2,22,CS,Monday,David Harris,1943,John Smith
Room 16,2,22,CS,Monday,Samantha Allen,1944,John Smith
Room 17,2,19,CS,Monday,John Smith,1946,Daniyal
Room 17,2,19,CS,Monday,Alice Johnson,1947,Daniyal
Room 17,2,20,CS,Monday,Robert Garcia,1954,Daniyal
Room 17,2,20,CS,Monday,Emma White,1955,Daniyal
Room 17,2,21,CS,Monday,Joseph Carter,1962,Daniyal
Room 17,2,21,CS,Monday,Abigail Young,1963,Daniyal
Room 17,2,22,CS,Monday,David Harris,1970,Daniyal
Room 17,2,22,CS,Monday,Samantha Allen,1971,Daniyal
Room 17,2,19,CS,Monday,John Smith,1978,Daniyal
Room 17,2,19,CS,Monday,Alice Johnson,1979,Daniyal
Room 17,2,20,CS,Monday,Robert Garcia,1986,Daniyal
Room 17,2,20,CS,Monday,Emma White,1987,Daniyal
Room 17,2,21,CS,Monday,Joseph Carter,1994,Daniyal
Room 17,2,21,CS,Monday,Abigail Young,1995,Daniyal
Room 17,2,22,CS,Monday,David Harris,2002,Daniyal
Room 17,2,22,CS,Monday,Samantha Allen,2003,Daniyal
Room 17,2,19,CS,Monday,John Smith,2010,Daniyal
Room 17,2,19,CS,Monday,Alice Johnson,2011,Daniyal
Room 17,2,20,CS,Monday,Robert Garcia,2018,Daniyal
Room 17,2,20,CS,Monday,Emma White,2019,Daniyal
Room 17,2,21,CS,Monday,Joseph Carter,2026,Daniyal
Room 17,2,21,CS,Monday,Abigail Young,2027,Daniyal
Room 17,2,22,CS,Monday,David Harris,2034,Daniyal
Room 17,2,22,CS,Monday,Samantha Allen,2035,Daniyal
Room 17,2,19,CS,Monday,John Smith,2042,Daniyal
Room 17,2,19,CS,Monday,Alice Johnson,2043,Daniyal
Room 17,2,20,CS,Monday,Robert Garcia,2050,Daniyal
Room 17,2,20,CS,Monday,Emma White,2051,Daniyal
Room 17,2,21,CS,Monday,Joseph Carter,2058,Daniyal
Room 17,2,21,CS,Monday,Abigail Young,2059,Daniyal
Room 18,2,22,CS,Monday,David Harris,2066,John Smith
Room 18,2,22,CS,Monday,Samantha Allen,2067,John Smith
Room 18,2,19,CS,Monday,John Smith,2069,John Smith
Room 18,2,19,CS,Monday,Alice Johnson,2070,John Smith
Room 18,2,20,CS,Monday,Robert Garcia,2077,John Smith
Room 18,2,20,CS,Monday,Emma White,2078,John Smith
Room 18,2,21,CS,Monday,Joseph Carter,2085,John Smith
Room 18,2,21,CS,Monday,Abigail Young,2086,John Smith
Room 18,2,22,CS,Monday,David Harris,2093,John Smith
Room 18,2,22,CS,Monday,Samantha Allen,2094,John Smith
Room 18,2,19,CS,Monday,John Smith,2101,John Smith
Room 18,2,19,CS,Monday,Alice Johnson,2102,John Smith
Room 18,2,20,CS,Monday,Robert Garcia,2109,John Smith
Room 18,2,20,CS,Monday,Emma White,2110,John Smith
Room 18,2,21,CS,Monday,Joseph Carter,2117,John Smith
Room 18,2,21,CS,Monday,Abigail Young,2118,John Smith
Room 18,2,22,CS,Monday,David Harris,2125,John Smith
Room 18,2,22,CS,Monday,Samantha Allen,2126,John Smith
Room 18,2,19,CS,Monday,John Smith,2133,John Smith
Room 18,2,19,CS,Monday,Alice Johnson,2134,John Smith
Room 18,2,20,CS,Monday,Robert Garcia,2141,John Smith
Room 18,2,20,CS,Monday,Emma White,2142,John Smith
Room 18,2,21,CS,Monday,Joseph Carter,2149,John Smith
Room 18,2,21,CS,Monday,Abigail Young,2150,John Smith
Room 18,2,22,CS,Monday,David Harris,2157,John Smith
Room 18,2,22,CS,Monday,Samantha Allen,2158,John Smith
Room 18,2,19,CS,Monday,John Smith,2165,John Smith
Room 18,2,19,CS,Monday,Alice Johnson,2166,John Smith
Room 18,2,20,CS,Monday,Robert Garcia,2173,John Smith
Room 18,2,20,CS,Monday,Emma White,2174,John Smith
Room 19,2,21,CS,Monday,Joseph Carter,2181,John Smith
Room 19,2,21,CS,Monday,Abigail Young,2182,John Smith
Room 19,2,22,CS,Monday,David Harris,2189,John Smith
Room 19,2,22,CS,Monday,Samantha Allen,2190,John Smith
Room 19,2,19,CS,Monday,John Smith,2192,John Smith
Room 19,2,19,CS,Monday,Alice Johnson,2193,John Smith
Room 19,2,20,CS,Monday,Robert Garcia,2200,John Smith
Room 19,2,20,CS,Monday,Emma White,2201,John Smith
Room 19,2,21,CS,Monday,Joseph Carter,2208,John Smith
Room 19,2,21,CS,Monday,Abigail Young,2209,John Smith
Room 19,2,22,CS,Monday,David Harris,2216,John Smith
Room 19,2,22,CS,Monday,Samantha Allen,2217,John Smith
Room 19,2,19,CS,Monday,John Smith,2224,John Smith
Room 19,2,19,CS,Monday,Alice Johnson,2225,John Smith
Room 19,2,20,CS,Monday,Robert Garcia,2232,John Smith
Room 19,2,20,CS,Monday,Emma White,2233,John Smith
Room 19,2,21,CS,Monday,Joseph Carter,2240,John Smith
Room 19,2,21,CS,Monday,Abigail Young,2241,John Smith
Room 19,2,22,CS,Monday,David Harris,2248,John Smith
Room 19,2,22,CS,Monday,Samantha Allen,2249,John Smith
Room 19,2,19,CS,Monday,John Smith,2256,John Smith
Room 19,2,19,CS,Monday,Alice Johnson,2257,John Smith
Room 19,2,20,CS,Monday,Robert Garcia,2264,John Smith
Room 19,2,20,CS,Monday,Emma White,2265,John Smith
Room 19,2,21,CS,Monday,Joseph Carter,2272,John Smith
Room 19,2,21,CS,Monday,Abigail Young,2273,John Smith
Room 19,2,22,CS,Monday,David Harris,2280,John Smith
Room 19,2,22,CS,Monday,Samantha Allen,2281,John Smith
Room 19,2,19,CS,Monday,John Smith,2288,John Smith
Room 19,2,19,CS,Monday,Alice Johnson,2289,John Smith
Room 20,2,20,CS,Monday,Robert Garcia,2296,David Harris
Room 20,2,20,CS,Monday,Emma White,2297,David Harris
Room 20,2,21,CS,Monday,Joseph Carter,2304,David Harris
Room 20,2,21,CS,Monday,Abigail Young,2305,David Harris
Room 20,2,22,CS,Monday,David Harris,2312,David Harris
Room 20,2,22,CS,Monday,Samantha Allen,2313,David Harris
Room 20,2,19,CS,Monday,John Smith,2315,David Harris
Room 20,2,19,CS,Monday,Alice Johnson,2316,David Harris
Room 20,2,20,CS,Monday,Robert Garcia,2323,David Harris
Room 20,2,20,CS,Monday,Emma White,2324,David Harris
Room 20,2,21,CS,Monday,Joseph Carter,2331,David Harris
Room 20,2,21,CS,Monday,Abigail Young,2332,David Harris
Room 20,2,22,CS,Monday,David Harris,2339,David Harris
Room 20,2,22,CS,Monday,Samantha Allen,2340,David Harris
Room 20,2,19,CS,Monday,John Smith,2347,David Harris
Room 20,2,19,CS,Monday,Alice Johnson,2348,David Harris
Room 20,2,20,CS,Monday,Robert Garcia,2355,David Harris
Room 20,2,20,CS,Monday,Emma White,2356,David Harris
Room 20,2,21,CS,Monday,Joseph Carter,2363,David Harris
Room 20,2,21,CS,Monday,Abigail Young,2364,David Harris
Room 20,2,22,CS,Monday,David Harris,2371,David Harris
Room 20,2,22,CS,Monday,Samantha Allen,2372,David Harris
Room 20,2,19,CS,Monday,John Smith,2379,David Harris
Room 20,2,19,CS,Monday,Alice Johnson,2380,David Harris
Room 20,2,20,CS,Monday,Robert Garcia,2387,David Harris
Room 20,2,20,CS,Monday,Emma White,2388,David Harris
Room 20,2,21,CS,Monday,Joseph Carter,2395,David Harris
Room 20,2,21,CS,Monday,Abigail Young,2396,David Harris
Room 20,2,22,CS,Monday,David Harris,2403,David Harris
Room 20,2,22,CS,Monday,Samantha Allen,2404,David Harris
Room 21,2,19,CS,Monday,John Smith,2411,Jessica Thompson
Room 21,2,19,CS,Monday,Alice Johnson,2412,Jessica Thompson
Room 21,2,20,CS,Monday,Robert Garcia,2419,Jessica Thompson
Room 21,2,20,CS,Monday,Emma White,2420,Jessica Thompson
Room 21,2,21,CS,Monday,Joseph Carter,2427,Jessica Thompson
Room 21,2,21,CS,Monday,Abigail Young,2428,Jessica Thompson
Room 21,2,22,CS,Monday,David Harris,2435,Jessica Thompson
Room 21,2,22,CS,Monday,Samantha Allen,2436,Jessica Thompson
Room 21,2,19,CS,Monday,John Smith,2438,Jessica Thompson
Room 21,2,19,CS,Monday,Alice Johnson,2439,Jessica Thompson
Room 21,2,20,CS,Monday,Robert Garcia,2446,Jessica Thompson
Room 21,2,20,CS,Monday,Emma White,2447,Jessica Thompson
Room 21,2,21,CS,Monday,Joseph Carter,2454,Jessica Thompson
Room 21,2,21,CS,Monday,Abigail Young,2455,Jessica Thompson
Room 21,2,22,CS,Monday,David Harris,2462,Jessica Thompson
Room 21,2,22,CS,Monday,Samantha Allen,2463,Jessica Thompson
Room 21,2,19,CS,Monday,John Smith,2470,Jessica Thompson
Room 21,2,19,CS,Monday,Alice Johnson,2471,Jessica Thompson
Room 21,2,20,CS,Monday,Robert Garcia,2478,Jessica Thompson
Room 21,2,20,CS,Monday,Emma White,2479,Jessica Thompson
Room 21,2,21,CS,Monday,Joseph Carter,2486,Jessica Thompson
Room 21,2,21,CS,Monday,Abigail Young,2487,Jessica Thompson
Room 21,2,22,CS,Monday,David Harris,2494,Jessica Thompson
Room 21,2,22,CS,Monday,Samantha Allen,2495,Jessica Thompson
Room 21,2,19,CS,Monday,John Smith,2502,Jessica Thompson
Room 21,2,19,CS,Monday,Alice Johnson,2503,Jessica Thompson
Room 21,2,20,CS,Monday,Robert Garcia,2510,Jessica Thompson
Room 21,2,20,CS,Monday,Emma White,2511,Jessica Thompson
Room 21,2,21,CS,Monday,Joseph Carter,2518,Jessica Thompson
Room 21,2,21,CS,Monday,Abigail Young,2519,Jessica Thompson
Room 22,2,22,CS,Monday,David Harris,2526,Emma White
Room 22,2,22,CS,Monday,Samantha Allen,2527,Emma White
Room 22,2,19,CS,Monday,John Smith,2534,Emma White
Room 22,2,19,CS,Monday,Alice Johnson,2535,Emma White
Room 22,2,20,CS,Monday,Robert Garcia,2542,Emma White
Room 22,2,20,CS,Monday,Emma White,2543,Emma White
Room 22,2,21,CS,Monday,Joseph Carter,2550,Emma White
Room 22,2,21,CS,Monday,Abigail Young,2551,Emma White
Room 22,2,22,CS,Monday,David Harris,2558,Emma White
Room 22,2,22,CS,Monday,Samantha Allen,2559,Emma White
Room 22,2,19,CS,Monday,John Smith,2561,Emma White
Room 22,2,19,CS,Monday,Alice Johnson,2562,Emma White
Room 22,2,20,CS,Monday,Robert Garcia,2569,Emma White
Room 22,2,20,CS,Monday,Emma White,2570,Emma White
Room 22,2,21,CS,Monday,Joseph Carter,2577,Emma White
Room 22,2,21,CS,Monday,Abigail Young,2578,Emma White
Room 22,2,22,CS,Monday,David Harris,2585,Emma White
Room 22,2,22,CS,Monday,Samantha Allen,2586,Emma White
Room 22,2,19,CS,Monday,John Smith,2593,Emma White
Room 22,2,19,CS,Monday,Alice Johnson,2594,Emma White
Room 22,2,20,CS,Monday,Robert Garcia,2601,Emma White
Room 22,2,20,CS,Monday,Emma White,2602,Emma White
Room 22,2,21,CS,Monday,Joseph Carter,2609,Emma White
Room 22,2,21,CS,Monday,Abigail Young,2610,Emma White
Room 22,2,22,CS,Monday,David Harris,2617,Emma White
Room 22,2,22,CS,Monday,Samantha Allen,2618,Emma White
Room 22,2,19,CS,Monday,John Smith,2625,Emma White
Room 22,2,19,CS,Monday,Alice Johnson,2626,Emma White
Room 22,2,20,CS,Monday,Robert Garcia,2633,Emma White
Room 22,2,20,CS,Monday,Emma White,2634,Emma White
Room 23,2,21,CS,Monday,Joseph Carter,2641,Emma White
Room 23,2,21,CS,Monday,Abigail Young,2642,Emma White
Room 23,2,22,CS,Monday,David Harris,2649,Emma White
Room 23,2,22,CS,Monday,Samantha Allen,2650,Emma White
Room 23,2,19,CS,Monday,John Smith,2657,Emma White
Room 23,2,19,CS,Monday,Alice Johnson,2658,Emma White
Room 23,2,20,CS,Monday,Robert Garcia,2665,Emma White
Room 23,2,20,CS,Monday,Emma White,2666,Emma White
Room 23,2,21,CS,Monday,Joseph Carter,2673,Emma White
Room 23,2,21,CS,Monday,Abigail Young,2674,Emma White
Room 23,2,22,CS,Monday,David Harris,2681,Emma White
Room 23,2,22,CS,Monday,Samantha Allen,2682,Emma White
Room 23,2,19,CS,Monday,John Smith,2684,Emma White
Room 23,2,19,CS,Monday,Alice Johnson,2685,Emma White
Room 23,2,20,CS,Monday,Robert Garcia,2692,Emma White
Room 23,2,20,CS,Monday,Emma White,2693,Emma White
Room 23,2,21,CS,Monday,Joseph Carter,2700,Emma White
Room 23,2,21,CS,Monday,Abigail Young,2701,Emma White
Room 23,2,22,CS,Monday,David Harris,2708,Emma White
Room 23,2,22,CS,Monday,Samantha Allen,2709,Emma White
Room 23,2,19,CS,Monday,John Smith,2716,Emma White
Room 23,2,19,CS,Monday,Alice Johnson,2717,Emma White
Room 23,2,20,CS,Monday,Robert Garcia,2724,Emma White
Room 23,2,20,CS,Monday,Emma White,2725,Emma White
Room 23,2,21,CS,Monday,Joseph Carter,2732,Emma White
Room 23,2,21,CS,Monday,Abigail Young,2733,Emma White
Room 23,2,22,CS,Monday,David Harris,2740,Emma White
Room 23,2,22,CS,Monday,Samantha Allen,2741,Emma White
Room 23,2,19,CS,Monday,John Smith,2748,Emma White
Room 23,2,19,CS,Monday,Alice Johnson,2749,Emma White
Room 24,2,20,CS,Monday,Robert Garcia,2756,Alice Johnson
Room 24,2,20,CS,Monday,Emma White,2757,Alice Johnson
Room 24,2,21,CS,Monday,Joseph Carter,2764,Alice Johnson
Room 24,2,21,CS,Monday,Abigail Young,2765,Alice Johnson
Room 24,2,22,CS,Monday,David Harris,2772,Alice Johnson
Room 24,2,22,CS,Monday,Samantha Allen,2773,Alice Johnson
Room 24,2,19,CS,Monday,John Smith,2780,Alice Johnson
Room 24,2,19,CS,Monday,Alice Johnson,2781,Alice Johnson
Room 24,2,20,CS,Monday,Robert Garcia,2788,Alice Johnson
Room 24,2,20,CS,Monday,Emma White,2789,Alice Johnson
Room 24,2,21,CS,Monday,Joseph Carter,2796,Alice Johnson
Room 24,2,21,CS,Monday,Abigail Young,2797,Alice Johnson
Room 24,2,22,CS,Monday,David Harris,2804,Alice Johnson
Room 24,2,22,CS,Monday,Samantha Allen,2805,Alice Johnson
Room 24,2,21,CS,Monday,Ismail,2807,Alice Johnson
Room 24,2,21,CS,Monday,Daniyal,2808,Alice Johnson
Room 1,1,19,EE,Tuesday,Michael Brown,103,Andrew Hill
Room 1,1,19,EE,Tuesday,Emily Davis,104,Andrew Hill
Room 1,1,20,EE,Tuesday,Daniel Lee,111,Andrew Hill
Room 1,1,20,EE,Tuesday,Olivia Hall,112,Andrew Hill
Room 1,1,21,EE,Tuesday,Andrew Hill,119,Andrew Hill
Room 1,1,21,EE,Tuesday,Mia King,120,Andrew Hill
Room 1,1,22,EE,Tuesday,Christopher Baker,127,Andrew Hill
Room 1,1,22,EE,Tuesday,Lily Wright,128,Andrew Hill
Room 1,1,19,EE,Tuesday,Michael Brown,135,Andrew Hill
Room 1,1,19,EE,Tuesday,Emily Davis,136,Andrew Hill
Room 1,1,20,EE,Tuesday,Daniel Lee,143,Andrew Hill
Room 1,1,20,EE,Tuesday,Olivia Hall,144,Andrew Hill
Room 1,1,21,EE,Tuesday,Andrew Hill,151,Andrew Hill
Room 1,1,21,EE,Tuesday,Mia King,152,Andrew Hill
Room 1,1,22,EE,Tuesday,Christopher Baker,159,Andrew Hill
Room 1,1,22,EE,Tuesday,Lily Wright,160,Andrew Hill
Room 1,1,19,EE,Tuesday,Michael Brown,167,Andrew Hill
Room 1,1,19,EE,Tuesday,Emily Davis,168,Andrew Hill
Room 1,1,20,EE,Tuesday,Daniel Lee,175,Andrew Hill
Room 1,1,20,EE,Tuesday,Olivia Hall,176,Andrew Hill
Room 1,1,21,EE,Tuesday,Andrew Hill,183,Andrew Hill
Room 1,1,21,EE,Tuesday,Mia King,184,Andrew Hill
Room 1,1,22,EE,Tuesday,Christopher Baker,191,Andrew Hill
Room 1,1,22,EE,Tuesday,Lily Wright,192,Andrew Hill
Room 1,1,19,EE,Tuesday,Michael Brown,199,Andrew Hill
Room 1,1,19,EE,Tuesday,Emily Davis,200,Andrew Hill
Room 1,1,20,EE,Tuesday,Daniel Lee,207,Andrew Hill
Room 1,1,20,EE,Tuesday,Olivia Hall,208,Andrew Hill
Room 1,1,21,EE,Tuesday,Andrew Hill,215,Andrew Hill
Room 1,1,21,EE,Tuesday,Mia King,216,Andrew Hill
Room 2,1,22,EE,Tuesday,Christopher Baker,223,Olivia Hall
Room 2,1,19,EE,Tuesday,Michael Brown,226,Olivia Hall
Room 2,1,19,EE,Tuesday,Emily Davis,227,Olivia Hall
Room 2,1,20,EE,Tuesday,Daniel Lee,234,Olivia Hall
Room 2,1,20,EE,Tuesday,Olivia Hall,235,Olivia Hall
Room 2,1,21,EE,Tuesday,Andrew Hill,242,Olivia Hall
Room 2,1,21,EE,Tuesday,Mia King,243,Olivia Hall
Room 2,1,22,EE,Tuesday,Christopher Baker,250,Olivia Hall
Room 2,1,22,EE,Tuesday,Lily Wright,251,Olivia Hall
Room 2,1,19,EE,Tuesday,Michael Brown,258,Olivia Hall
Room 2,1,19,EE,Tuesday,Emily Davis,259,Olivia Hall
Room 2,1,20,EE,Tuesday,Daniel Lee,266,Olivia Hall
Room 2,1,20,EE,Tuesday,Olivia Hall,267,Olivia Hall
Room 2,1,21,EE,Tuesday,Andrew Hill,274,Olivia Hall
Room 2,1,21,EE,Tuesday,Mia King,275,Olivia Hall
Room 2,1,22,EE,Tuesday,Christopher Baker,282,Olivia Hall
Room 2,1,22,EE,Tuesday,Lily Wright,283,Olivia Hall
Room 2,1,19,EE,Tuesday,Michael Brown,290,Olivia Hall
Room 2,1,19,EE,Tuesday,Emily Davis,291,Olivia Hall
Room 2,1,20,EE,Tuesday,Daniel Lee,298,Olivia Hall
Room 2,1,20,EE,Tuesday,Olivia Hall,299,Olivia Hall
Room 2,1,21,EE,Tuesday,Andrew Hill,306,Olivia Hall
Room 2,1,21,EE,Tuesday,Mia King,307,Olivia Hall
Room 2,1,22,EE,Tuesday,Christopher Baker,314,Olivia Hall
Room 2,1,22,EE,Tuesday,Lily Wright,315,Olivia Hall
Room 2,1,19,EE,Tuesday,Michael Brown,322,Olivia Hall
Room 2,1,19,EE,Tuesday,Emily Davis,323,Olivia Hall
Room 2,1,20,EE,Tuesday,Daniel Lee,330,Olivia Hall
Room 2,1,20,EE,Tuesday,Olivia Hall,331,Olivia Hall
Room 2,1,21,EE,Tuesday,Andrew Hill,338,Olivia Hall
Room 3,1,21,EE,Tuesday,Mia King,339,Daniel Lee
Room 3,1,22,EE,Tuesday,Christopher Baker,346,Daniel Lee
Room 3,1,19,EE,Tuesday,Michael Brown,349,Daniel Lee
Room 3,1,19,EE,Tuesday,Emily Davis,350,Daniel Lee
Room 3,1,20,EE,Tuesday,Daniel Lee,357,Daniel Lee
Room 3,1,20,EE,Tuesday,Olivia Hall,358,Daniel Lee
Room 3,1,21,EE,Tuesday,Andrew Hill,365,Daniel Lee
Room 3,1,21,EE,Tuesday,Mia King,366,Daniel Lee
Room 3,1,22,EE,Tuesday,Christopher Baker,373,Daniel Lee
Room 3,1,22,EE,Tuesday,Lily Wright,374,Daniel Lee
Room 3,1,19,EE,Tuesday,Michael Brown,381,Daniel Lee
Room 3,1,19,EE,Tuesday,Emily Davis,382,Daniel Lee
Room 3,1,20,EE,Tuesday,Daniel Lee,389,Daniel Lee
Room 3,1,20,EE,Tuesday,Olivia Hall,390,Daniel Lee
Room 3,1,21,EE,Tuesday,Andrew Hill,397,Daniel Lee
Room 3,1,21,EE,Tuesday,Mia King,398,Daniel Lee
Room 3,1,22,EE,Tuesday,Christopher Baker,405,Daniel Lee
Room 3,1,22,EE,Tuesday,Lily Wright,406,Daniel Lee
Room 3,1,19,EE,Tuesday,Michael Brown,413,Daniel Lee
Room 3,1,19,EE,Tuesday,Emily Davis,414,Daniel Lee
Room 3,1,20,EE,Tuesday,Daniel Lee,421,Daniel Lee
Room 3,1,20,EE,Tuesday,Olivia Hall,422,Daniel Lee
Room 3,1,21,EE,Tuesday,Andrew Hill,429,Daniel Lee
Room 3,1,21,EE,Tuesday,Mia King,430,Daniel Lee
Room 3,1,22,EE,Tuesday,Christopher Baker,437,Daniel Lee
Room 3,1,22,EE,Tuesday,Lily Wright,438,Daniel Lee
Room 3,1,19,EE,Tuesday,Michael Brown,445,Daniel Lee
Room 3,1,19,EE,Tuesday,Emily Davis,446,Daniel Lee
Room 3,1,20,EE,Tuesday,Daniel Lee,453,Daniel Lee
Room 3,1,20,EE,Tuesday,Olivia Hall,454,Daniel Lee
Room 4,1,21,EE,Tuesday,Andrew Hill,461,Christopher Baker
Room 4,1,21,EE,Tuesday,Mia King,462,Christopher Baker
Room 4,1,22,EE,Tuesday,Christopher Baker,469,Christopher Baker
Room 4,1,19,EE,Tuesday,Michael Brown,472,Christopher Baker
Room 4,1,19,EE,Tuesday,Emily Davis,473,Christopher Baker
Room 4,1,20,EE,Tuesday,Daniel Lee,480,Christopher Baker
Room 4,1,20,EE,Tuesday,Olivia Hall,481,Christopher Baker
Room 4,1,21,EE,Tuesday,Andrew Hill,488,Christopher Baker
Room 4,1,21,EE,Tuesday,Mia King,489,Christopher Baker
Room 4,1,22,EE,Tuesday,Christopher Baker,496,Christopher Baker
Room 4,1,22,EE,Tuesday,Lily Wright,497,Christopher Baker
Room 4,1,19,EE,Tuesday,Michael Brown,504,Christopher Baker
Room 4,1,19,EE,Tuesday,Emily Davis,505,Christopher Baker
Room 4,1,20,EE,Tuesday,Daniel Lee,512,Christopher Baker
Room 4,1,20,EE,Tuesday,Olivia Hall,513,Christopher Baker
Room 4,1,21,EE,Tuesday,Andrew Hill,520,Christopher Baker
Room 4,1,21,EE,Tuesday,Mia King,521,Christopher Baker
Room 4,1,22,EE,Tuesday,Christopher Baker,528,Christopher Baker
Room 4,1,22,EE,Tuesday,Lily Wright,529,Christopher Baker
Room 4,1,19,EE,Tuesday,Michael Brown,536,Christopher Baker
Room 4,1,19,EE,Tuesday,Emily Davis,537,Christopher Baker
Room 4,1,20,EE,Tuesday,Daniel Lee,544,Christopher Baker
Room 4,1,20,EE,Tuesday,Olivia Hall,545,Christopher Baker
Room 4,1,21,EE,Tuesday,Andrew Hill,552,Christopher Baker
Room 4,1,21,EE,Tuesday,Mia King,553,Christopher Baker
Room 4,1,22,EE,Tuesday,Christopher Baker,560,Christopher Baker
Room 4,1,22,EE,Tuesday,Lily Wright,561,Christopher Baker
Room 4,1,19,EE,Tuesday,Michael Brown,568,Christopher Baker
Room 4,1,19,EE,Tuesday,Emily Davis,569,Christopher Baker
Room 4,1,20,EE,Tuesday,Daniel Lee,576,Christopher Baker
Room 5,1,20,EE,Tuesday,Olivia Hall,577,Daniel Lee
Room 5,1,21,EE,Tuesday,Andrew Hill,584,Daniel Lee
Room 5,1,21,EE,Tuesday,Mia King,585,Daniel Lee
Room 5,1,22,EE,Tuesday,Christopher Baker,592,Daniel Lee
Room 5,1,19,EE,Tuesday,Michael Brown,595,Daniel Lee
Room 5,1,19,EE,Tuesday,Emily Davis,596,Daniel Lee
Room 5,1,20,EE,Tuesday,Daniel Lee,603,Daniel Lee
Room 5,1,20,EE,Tuesday,Olivia Hall,604,Daniel Lee
Room 5,1,21,EE,Tuesday,Andrew Hill,611,Daniel Lee
Room 5,1,21,EE,Tuesday,Mia King,612,Daniel Lee
Room 5,1,22,EE,Tuesday,Christopher Baker,619,Daniel Lee
Room 5,1,22,EE,Tuesday,Lily Wright,620,Daniel Lee
Room 5,1,19,EE,Tuesday,Michael Brown,627,Daniel Lee
Room 5,1,19,EE,Tuesday,Emily Davis,628,Daniel Lee
Room 5,1,20,EE,Tuesday,Daniel Lee,635,Daniel Lee
Room 5,1,20,EE,Tuesday,Olivia Hall,636,Daniel Lee
Room 5,1,21,EE,Tuesday,Andrew Hill,643,Daniel Lee
Room 5,1,21,EE,Tuesday,Mia King,644,Daniel Lee
Room 5,1,22,EE,Tuesday,Christopher Baker,651,Daniel Lee
Room 5,1,22,EE,Tuesday,Lily Wright,652,Daniel Lee
Room 5,1,19,EE,Tuesday,Michael Brown,659,Daniel Lee
Room 5,1,19,EE,Tuesday,Emily Davis,660,Daniel Lee
Room 5,1,20,EE,Tuesday,Daniel Lee,667,Daniel Lee
Room 5,1,20,EE,Tuesday,Olivia Hall,668,Daniel Lee
Room 5,1,21,EE,Tuesday,Andrew Hill,675,Daniel Lee
Room 5,1,21,EE,Tuesday,Mia King,676,Daniel Lee
Room 5,1,22,EE,Tuesday,Christopher Baker,683,Daniel Lee
Room 5,1,22,EE,Tuesday,Lily Wright,684,Daniel Lee
Room 5,1,19,EE,Tuesday,Michael Brown,691,Daniel Lee
Room 5,1,19,EE,Tuesday,Emily Davis,692,Daniel Lee
Room 6,1,20,EE,Tuesday,Daniel Lee,699,Olivia Hall
Room 6,1,20,EE,Tuesday,Olivia Hall,700,Olivia Hall
Room 6,1,21,EE,Tuesday,Andrew Hill,707,Olivia Hall
Room 6,1,21,EE,Tuesday,Mia King,708,Olivia Hall
Room 6,1,22,EE,Tuesday,Christopher Baker,715,Olivia Hall
Room 6,1,19,EE,Tuesday,Michael Brown,718,Olivia Hall
Room 6,1,19,EE,Tuesday,Emily Davis,719,Olivia Hall
Room 6,1,20,EE,Tuesday,Daniel Lee,726,Olivia Hall
Room 6,1,20,EE,Tuesday,Olivia Hall,727,Olivia Hall
Room 6,1,21,EE,Tuesday,Andrew Hill,734,Olivia Hall
Room 6,1,21,EE,Tuesday,Mia King,735,Olivia Hall
Room 6,1,22,EE,Tuesday,Christopher Baker,742,Olivia Hall
Room 6,1,22,EE,Tuesday,Lily Wright,743,Olivia Hall
Room 6,1,19,EE,Tuesday,Michael Brown,750,Olivia Hall
Room 6,1,19,EE,Tuesday,Emily Davis,751,Olivia Hall
Room 6,1,20,EE,Tuesday,Daniel Lee,758,Olivia Hall
Room 6,1,20,EE,Tuesday,Olivia Hall,759,Olivia Hall
Room 6,1,21,EE,Tuesday,Andrew Hill,766,Olivia Hall
Room 6,1,21,EE,Tuesday,Mia King,767,Olivia Hall
Room 6,1,22,EE,Tuesday,Christopher Baker,774,Olivia Hall
Room 6,1,22,EE,Tuesday,Lily Wright,775,Olivia Hall
Room 6,1,19,EE,Tuesday,Michael Brown,782,Olivia Hall
Room 6,1,19,EE,Tuesday,Emily Davis,783,Olivia Hall
Room 6,1,20,EE,Tuesday,Daniel Lee,790,Olivia Hall
Room 6,1,20,EE,Tuesday,Olivia Hall,791,Olivia Hall
Room 6,1,21,EE,Tuesday,Andrew Hill,798,Olivia Hall
Room 6,1,21,EE,Tuesday,Mia King,799,Olivia Hall
Room 6,1,22,EE,Tuesday,Christopher Baker,806,Olivia Hall
Room 6,1,22,EE,Tuesday,Lily Wright,807,Olivia Hall
Room 6,1,19,EE,Tuesday,Michael Brown,814,Olivia Hall
Room 7,1,19,EE,Tuesday,Emily Davis,815,Andrew Hill
Room 7,1,20,EE,Tuesday,Daniel Lee,822,Andrew Hill
Room 7,1,20,EE,Tuesday,Olivia Hall,823,Andrew Hill
Room 7,1,21,EE,Tuesday,Andrew Hill,830,Andrew Hill
Room 7,1,21,EE,Tuesday,Mia King,831,Andrew Hill
Room 7,1,22,EE,Tuesday,Christopher Baker,838,Andrew Hill
Room 7,1,19,EE,Tuesday,Michael Brown,841,Andrew Hill
Room 7,1,19,EE,Tuesday,Emily Davis,842,Andrew Hill
Room 7,1,20,EE,Tuesday,Daniel Lee,849,Andrew Hill
Room 7,1,20,EE,Tuesday,Olivia Hall,850,Andrew Hill
Room 7,1,21,EE,Tuesday,Andrew Hill,857,Andrew Hill
Room 7,1,21,EE,Tuesday,Mia King,858,Andrew Hill
Room 7,1,22,EE,Tuesday,Christopher Baker,865,Andrew Hill
Room 7,1,22,EE,Tuesday,Lily Wright,866,Andrew Hill
Room 7,1,19,EE,Tuesday,Michael Brown,873,Andrew Hill
Room 7,1,19,EE,Tuesday,Emily Davis,874,Andrew Hill
Room 7,1,20,EE,Tuesday,Daniel Lee,881,Andrew Hill
Room 7,1,20,EE,Tuesday,Olivia Hall,882,Andrew Hill
Room 7,1,21,EE,Tuesday,Andrew Hill,889,Andrew Hill
Room 7,1,21,EE,Tuesday,Mia King,890,Andrew Hill
Room 7,1,22,EE,Tuesday,Christopher Baker,897,Andrew Hill
Room 7,1,22,EE,Tuesday,Lily Wright,898,Andrew Hill
Room 7,1,19,EE,Tuesday,Michael Brown,905,Andrew Hill
Room 7,1,19,EE,Tuesday,Emily Davis,906,Andrew Hill
Room 7,1,20,EE,Tuesday,Daniel Lee,913,Andrew Hill
Room 7,1,20,EE,Tuesday,Olivia Hall,914,Andrew Hill
Room 7,1,21,EE,Tuesday,Andrew Hill,921,Andrew Hill
Room 7,1,21,EE,Tuesday,Mia King,922,Andrew Hill
Room 7,1,22,EE,Tuesday,Christopher Baker,929,Andrew Hill
Room 7,1,22,EE,Tuesday,Lily Wright,930,Andrew Hill
Room 8,1,19,EE,Tuesday,Michael Brown,937,Christopher Baker
Room 8,1,19,EE,Tuesday,Emily Davis,938,Christopher Baker
Room 8,1,20,EE,Tuesday,Daniel Lee,945,Christopher Baker
Room 8,1,20,EE,Tuesday,Olivia Hall,946,Christopher Baker
Room 8,1,21,EE,Tuesday,Andrew Hill,953,Christopher Baker
Room 8,1,21,EE,Tuesday,Mia King,954,Christopher Baker
Room 8,1,22,EE,Tuesday,Christopher Baker,961,Christopher Baker
Room 8,1,19,EE,Tuesday,Michael Brown,964,Christopher Baker
Room 8,1,19,EE,Tuesday,Emily Davis,965,Christopher Baker
Room 8,1,20,EE,Tuesday,Daniel Lee,972,Christopher Baker
Room 8,1,20,EE,Tuesday,Olivia Hall,973,Christopher Baker
Room 8,1,21,EE,Tuesday,Andrew Hill,980,Christopher Baker
Room 8,1,21,EE,Tuesday,Mia King,981,Christopher Baker
Room 8,1,22,EE,Tuesday,Christopher Baker,988,Christopher Baker
Room 8,1,22,EE,Tuesday,Lily Wright,989,Christopher Baker
Room 8,1,19,EE,Tuesday,Michael Brown,996,Christopher Baker
Room 8,1,19,EE,Tuesday,Emily Davis,997,Christopher Baker
Room 8,1,20,EE,Tuesday,Daniel Lee,1004,Christopher Baker
Room 8,1,20,EE,Tuesday,Olivia Hall,1005,Christopher Baker
Room 8,1,21,EE,Tuesday,Andrew Hill,1012,Christopher Baker
Room 8,1,21,EE,Tuesday,Mia King,1013,Christopher Baker
Room 8,1,22,EE,Tuesday,Christopher Baker,1020,Christopher Baker
Room 8,1,22,EE,Tuesday,Lily Wright,1021,Christopher Baker
Room 8,1,19,EE,Tuesday,Michael Brown,1028,Christopher Baker
Room 8,1,19,EE,Tuesday,Emily Davis,1029,Christopher Baker
Room 8,1,20,EE,Tuesday,Daniel Lee,1036,Christopher Baker
Room 8,1,20,EE,Tuesday,Olivia Hall,1037,Christopher Baker
Room 8,1,21,EE,Tuesday,Andrew Hill,1044,Christopher Baker
Room 8,1,21,EE,Tuesday,Mia King,1045,Christopher Baker
Room 8,1,22,EE,Tuesday,Christopher Baker,1052,Christopher Baker
Room 9,1,22,EE,Tuesday,Lily Wright,1053,Olivia Hall
Room 9,1,19,EE,Tuesday,Michael Brown,1060,Olivia Hall
Room 9,1,19,EE,Tuesday,Emily Davis,1061,Olivia Hall
Room 9,1,20,EE,Tuesday,Daniel Lee,1068,Olivia Hall
Room 9,1,20,EE,Tuesday,Olivia Hall,1069,Olivia Hall
Room 9,1,21,EE,Tuesday,Andrew Hill,1076,Olivia Hall
Room 9,1,21,EE,Tuesday,Mia King,1077,Olivia Hall
Room 9,1,22,EE,Tuesday,Christopher Baker,1084,Olivia Hall
Room 9,1,19,EE,Tuesday,Michael Brown,1087,Olivia Hall
Room 9,1,19,EE,Tuesday,Emily Davis,1088,Olivia Hall
Room 9,1,20,EE,Tuesday,Daniel Lee,1095,Olivia Hall
Room 9,1,20,EE,Tuesday,Olivia Hall,1096,Olivia Hall
Room 9,1,21,EE,Tuesday,Andrew Hill,1103,Olivia Hall
Room 9,1,21,EE,Tuesday,Mia King,1104,Olivia Hall
Room 9,1,22,EE,Tuesday,Christopher Baker,1111,Olivia Hall
Room 9,1,22,EE,Tuesday,Lily Wright,1112,Olivia Hall
Room 9,1,19,EE,Tuesday,Michael Brown,1119,Olivia Hall
Room 9,1,19,EE,Tuesday,Emily Davis,1120,Olivia Hall
Room 9,1,20,EE,Tuesday,Daniel Lee,1127,Olivia Hall
Room 9,1,20,EE,Tuesday,Olivia Hall,1128,Olivia Hall
Room 9,1,21,EE,Tuesday,Andrew Hill,1135,Olivia Hall
Room 9,1,21,EE,Tuesday,Mia King,1136,Olivia Hall
Room 9,1,22,EE,Tuesday,Christopher Baker,1143,Olivia Hall
Room 9,1,22,EE,Tuesday,Lily Wright,1144,Olivia Hall
Room 9,1,19,EE,Tuesday,Michael Brown,1151,Olivia Hall
Room 9,1,19,EE,Tuesday,Emily Davis,1152,Olivia Hall
Room 9,1,20,EE,Tuesday,Daniel Lee,1159,Olivia Hall
Room 9,1,20,EE,Tuesday,Olivia Hall,1160,Olivia Hall
Room 9,1,21,EE,Tuesday,Andrew Hill,1167,Olivia Hall
Room 9,1,21,EE,Tuesday,Mia King,1168,Olivia Hall
Room 10,1,22,EE,Tuesday,Christopher Baker,1175,Daniel Lee
Room 10,1,22,EE,Tuesday,Lily Wright,1176,Daniel Lee
Room 10,1,19,EE,Tuesday,Michael Brown,1183,Daniel Lee
Room 10,1,19,EE,Tuesday,Emily Davis,1184,Daniel Lee
Room 10,1,20,EE,Tuesday,Daniel Lee,1191,Daniel Lee
Room 10,1,20,EE,Tuesday,Olivia Hall,1192,Daniel Lee
Room 10,1,21,EE,Tuesday,Andrew Hill,1199,Daniel Lee
Room 10,1,21,EE,Tuesday,Mia King,1200,Daniel Lee
Room 10,1,22,EE,Tuesday,Christopher Baker,1207,Daniel Lee
Room 10,1,19,EE,Tuesday,Michael Brown,1210,Daniel Lee
Room 10,1,19,EE,Tuesday,Emily Davis,1211,Daniel Lee
Room 10,1,20,EE,Tuesday,Daniel Lee,1218,Daniel Lee
Room 10,1,20,EE,Tuesday,Olivia Hall,1219,Daniel Lee
Room 10,1,21,EE,Tuesday,Andrew Hill,1226,Daniel Lee
Room 10,1,21,EE,Tuesday,Mia King,1227,Daniel Lee
Room 10,1,22,EE,Tuesday,Christopher Baker,1234,Daniel Lee
Room 10,1,22,EE,Tuesday,Lily Wright,1235,Daniel Lee
Room 10,1,19,EE,Tuesday,Michael Brown,1242,Daniel Lee
Room 10,1,19,EE,Tuesday,Emily Davis,1243,Daniel Lee
Room 10,1,20,EE,Tuesday,Daniel Lee,1250,Daniel Lee
Room 10,1,20,EE,Tuesday,Olivia Hall,1251,Daniel Lee
Room 10,1,21,EE,Tuesday,Andrew Hill,1258,Daniel Lee
Room 10,1,21,EE,Tuesday,Mia King,1259,Daniel Lee
Room 10,1,22,EE,Tuesday,Christopher Baker,1266,Daniel Lee
Room 10,1,22,EE,Tuesday,Lily Wright,1267,Daniel Lee
Room 10,1,19,EE,Tuesday,Michael Brown,1274,Daniel Lee
Room 10,1,19,EE,Tuesday,Emily Davis,1275,Daniel Lee
Room 10,1,20,EE,Tuesday,Daniel Lee,1282,Daniel Lee
Room 10,1,20,EE,Tuesday,Olivia Hall,1283,Daniel Lee
Room 10,1,21,EE,Tuesday,Andrew Hill,1290,Daniel Lee
Room 11,1,21,EE,Tuesday,Mia King,1291,Lily Wright
Room 11,1,22,EE,Tuesday,Christopher Baker,1298,Lily Wright
Room 11,1,22,EE,Tuesday,Lily Wright,1299,Lily Wright
Room 11,1,19,EE,Tuesday,Michael Brown,1306,Lily Wright
Room 11,1,19,EE,Tuesday,Emily Davis,1307,Lily Wright
Room 11,1,20,EE,Tuesday,Daniel Lee,1314,Lily Wright
Room 11,1,20,EE,Tuesday,Olivia Hall,1315,Lily Wright
Room 11,1,21,EE,Tuesday,Andrew Hill,1322,Lily Wright
Room 11,1,21,EE,Tuesday,Mia King,1323,Lily Wright
Room 11,1,22,EE,Tuesday,Christopher Baker,1330,Lily Wright
Room 11,1,19,EE,Tuesday,Michael Brown,1333,Lily Wright
Room 11,1,19,EE,Tuesday,Emily Davis,1334,Lily Wright
Room 11,1,20,EE,Tuesday,Daniel Lee,1341,Lily Wright
Room 11,1,20,EE,Tuesday,Olivia Hall,1342,Lily Wright
Room 11,1,21,EE,Tuesday,Andrew Hill,1349,Lily Wright
Room 11,1,21,EE,Tuesday,Mia King,1350,Lily Wright
Room 11,1,22,EE,Tuesday,Christopher Baker,1357,Lily Wright
Room 11,1,22,EE,Tuesday,Lily Wright,1358,Lily Wright
Room 11,1,19,EE,Tuesday,Michael Brown,1365,Lily Wright
Room 11,1,19,EE,Tuesday,Emily Davis,1366,Lily Wright
Room 11,1,20,EE,Tuesday,Daniel Lee,1373,Lily Wright
Room 11,1,20,EE,Tuesday,Olivia Hall,1374,Lily Wright
Room 11,1,21,EE,Tuesday,Andrew Hill,1381,Lily Wright
Room 11,1,21,EE,Tuesday,Mia King,1382,Lily Wright
Room 11,1,22,EE,Tuesday,Christopher Baker,1389,Lily Wright
Room 11,1,22,EE,Tuesday,Lily Wright,1390,Lily Wright
Room 11,1,19,EE,Tuesday,Michael Brown,1397,Lily Wright
Room 11,1,19,EE,Tuesday,Emily Davis,1398,Lily Wright
Room 11,1,20,EE,Tuesday,Daniel Lee,1405,Lily Wright
Room 11,1,20,EE,Tuesday,Olivia Hall,1406,Lily Wright
Room 12,1,21,EE,Tuesday,Andrew Hill,1413,Christopher Baker
Room 12,1,21,EE,Tuesday,Mia King,1414,Christopher Baker
Room 12,1,22,EE,Tuesday,Christopher Baker,1421,Christopher Baker
Room 12,1,22,EE,Tuesday,Lily Wright,1422,Christopher Baker
Room 12,1,19,EE,Tuesday,Michael Brown,1429,Christopher Baker
Room 12,1,19,EE,Tuesday,Emily Davis,1430,Christopher Baker
Room 12,1,20,EE,Tuesday,Daniel Lee,1437,Christopher Baker
Room 12,1,20,EE,Tuesday,Olivia Hall,1438,Christopher Baker
Room 12,1,21,EE,Tuesday,Andrew Hill,1445,Christopher Baker
Room 12,1,21,EE,Tuesday,Mia King,1446,Christopher Baker
Room 12,1,22,EE,Tuesday,Christopher Baker,1453,Christopher Baker
Room 12,1,19,EE,Tuesday,Michael Brown,1456,Christopher Baker
Room 12,1,19,EE,Tuesday,Emily Davis,1457,Christopher Baker
Room 12,1,20,EE,Tuesday,Daniel Lee,1464,Christopher Baker
Room 12,1,20,EE,Tuesday,Olivia Hall,1465,Christopher Baker
Room 12,1,21,EE,Tuesday,Andrew Hill,1472,Christopher Baker
Room 12,1,21,EE,Tuesday,Mia King,1473,Christopher Baker
Room 12,1,22,EE,Tuesday,Christopher Baker,1480,Christopher Baker
Room 12,1,22,EE,Tuesday,Lily Wright,1481,Christopher Baker
Room 12,1,19,EE,Tuesday,Michael Brown,1488,Christopher Baker
Room 12,1,19,EE,Tuesday,Emily Davis,1489,Christopher Baker
Room 12,1,20,EE,Tuesday,Daniel Lee,1496,Christopher Baker
Room 12,1,20,EE,Tuesday,Olivia Hall,1497,Christopher Baker
Room 12,1,21,EE,Tuesday,Andrew Hill,1504,Christopher Baker
Room 12,1,21,EE,Tuesday,Mia King,1505,Christopher Baker
Room 12,1,22,EE,Tuesday,Christopher Baker,1512,Christopher Baker
Room 12,1,22,EE,Tuesday,Lily Wright,1513,Christopher Baker
Room 12,1,19,EE,Tuesday,Michael Brown,1520,Christopher Baker
Room 12,1,19,EE,Tuesday,Emily Davis,1521,Christopher Baker
Room 12,1,20,EE,Tuesday,Daniel Lee,1528,Christopher Baker
Room 13,1,20,EE,Tuesday,Olivia Hall,1529,Lily Wright
Room 13,1,21,EE,Tuesday,Andrew Hill,1536,Lily Wright
Room 13,1,21,EE,Tuesday,Mia King,1537,Lily Wright
Room 13,1,22,EE,Tuesday,Christopher Baker,1544,Lily Wright
Room 13,1,22,EE,Tuesday,Lily Wright,1545,Lily Wright
Room 13,1,19,EE,Tuesday,Michael Brown,1552,Lily Wright
Room 13,1,19,EE,Tuesday,Emily Davis,1553,Lily Wright
Room 13,1,20,EE,Tuesday,Daniel Lee,1560,Lily Wright
Room 13,1,20,EE,Tuesday,Olivia Hall,1561,Lily Wright
Room 13,1,21,EE,Tuesday,Andrew Hill,1568,Lily Wright
Room 13,1,21,EE,Tuesday,Mia King,1569,Lily Wright
Room 13,1,22,EE,Tuesday,Christopher Baker,1576,Lily Wright
Room 13,1,19,EE,Tuesday,Michael Brown,1579,Lily Wright
Room 13,1,19,EE,Tuesday,Emily Davis,1580,Lily Wright
Room 13,1,20,EE,Tuesday,Daniel Lee,1587,Lily Wright
Room 13,1,20,EE,Tuesday,Olivia Hall,1588,Lily Wright
Room 13,1,21,EE,Tuesday,Andrew Hill,1595,Lily Wright
Room 13,1,21,EE,Tuesday,Mia King,1596,Lily Wright
Room 13,1,22,EE,Tuesday,Christopher Baker,1603,Lily Wright
Room 13,1,22,EE,Tuesday,Lily Wright,1604,Lily Wright
Room 13,1,19,EE,Tuesday,Michael Brown,1611,Lily Wright
Room 13,1,19,EE,Tuesday,Emily Davis,1612,Lily Wright
Room 13,1,20,EE,Tuesday,Daniel Lee,1619,Lily Wright
Room 13,1,20,EE,Tuesday,Olivia Hall,1620,Lily Wright
Room 13,1,21,EE,Tuesday,Andrew Hill,1627,Lily Wright
Room 13,1,21,EE,Tuesday,Mia King,1628,Lily Wright
Room 13,1,22,EE,Tuesday,Christopher Baker,1635,Lily Wright
Room 13,1,22,EE,Tuesday,Lily Wright,1636,Lily Wright
Room 13,1,19,EE,Tuesday,Michael Brown,1643,Lily Wright
Room 13,1,19,EE,Tuesday,Emily Davis,1644,Lily Wright
Room 14,1,20,EE,Tuesday,Daniel Lee,1651,Mia King
Room 14,1,20,EE,Tuesday,Olivia Hall,1652,Mia King
Room 14,1,21,EE,Tuesday,Andrew Hill,1659,Mia King
Room 14,1,21,EE,Tuesday,Mia King,1660,Mia King
Room 14,1,22,EE,Tuesday,Christopher Baker,1667,Mia King
Room 14,1,22,EE,Tuesday,Lily Wright,1668,Mia King
Room 14,1,19,EE,Tuesday,Michael Brown,1675,Mia King
Room 14,1,19,EE,Tuesday,Emily Davis,1676,Mia King
Room 14,1,20,EE,Tuesday,Daniel Lee,1683,Mia King
Room 14,1,20,EE,Tuesday,Olivia Hall,1684,Mia King
Room 14,1,21,EE,Tuesday,Andrew Hill,1691,Mia King
Room 14,1,21,EE,Tuesday,Mia King,1692,Mia King
Room 14,1,22,EE,Tuesday,Christopher Baker,1699,Mia King
Room 14,1,19,EE,Tuesday,Michael Brown,1702,Mia King
Room 14,1,19,EE,Tuesday,Emily Davis,1703,Mia King
Room 14,1,20,EE,Tuesday,Daniel Lee,1710,Mia King
Room 14,1,20,EE,Tuesday,Olivia Hall,1711,Mia King
Room 14,1,21,EE,Tuesday,Andrew Hill,1718,Mia King
Room 14,1,21,EE,Tuesday,Mia King,1719,Mia King
Room 14,1,22,EE,Tuesday,Christopher Baker,1726,Mia King
Room 14,1,22,EE,Tuesday,Lily Wright,1727,Mia King
Room 14,1,19,EE,Tuesday,Michael Brown,1734,Mia King
Room 14,1,19,EE,Tuesday,Emily Davis,1735,Mia King
Room 14,1,20,EE,Tuesday,Daniel Lee,1742,Mia King
Room 14,1,20,EE,Tuesday,Olivia Hall,1743,Mia King
Room 14,1,21,EE,Tuesday,Andrew Hill,1750,Mia King
Room 14,1,21,EE,Tuesday,Mia King,1751,Mia King
Room 14,1,22,EE,Tuesday,Christopher Baker,1758,Mia King
Room 14,1,22,EE,Tuesday,Lily Wright,1759,Mia King
Room 14,1,19,EE,Tuesday,Michael Brown,1766,Mia King
Room 15,1,19,EE,Tuesday,Emily Davis,1767,Lily Wright
Room 15,1,20,EE,Tuesday,Daniel Lee,1774,Lily Wright
Room 15,1,20,EE,Tuesday,Olivia Hall,1775,Lily Wright
Room 15,1,21,EE,Tuesday,Andrew Hill,1782,Lily Wright
Room 15,1,21,EE,Tuesday,Mia King,1783,Lily Wright
Room 15,1,22,EE,Tuesday,Christopher Baker,1790,Lily Wright
Room 15,1,22,EE,Tuesday,Lily Wright,1791,Lily Wright
Room 15,1,19,EE,Tuesday,Michael Brown,1798,Lily Wright
Room 15,1,19,EE,Tuesday,Emily Davis,1799,Lily Wright
Room 15,1,20,EE,Tuesday,Daniel Lee,1806,Lily Wright
Room 15,1,20,EE,Tuesday,Olivia Hall,1807,Lily Wright
Room 15,1,21,EE,Tuesday,Andrew Hill,1814,Lily Wright
Room 15,1,21,EE,Tuesday,Mia King,1815,Lily Wright
Room 15,1,22,EE,Tuesday,Christopher Baker,1822,Lily Wright
Room 15,1,19,EE,Tuesday,Michael Brown,1825,Lily Wright
Room 15,1,19,EE,Tuesday,Emily Davis,1826,Lily Wright
Room 15,1,20,EE,Tuesday,Daniel Lee,1833,Lily Wright
Room 15,1,20,EE,Tuesday,Olivia Hall,1834,Lily Wright
Room 15,1,21,EE,Tuesday,Andrew Hill,1841,Lily Wright
Room 15,1,21,EE,Tuesday,Mia King,1842,Lily Wright
Room 15,1,22,EE,Tuesday,Christopher Baker,1849,Lily Wright
Room 15,1,22,EE,Tuesday,Lily Wright,1850,Lily Wright
Room 15,1,19,EE,Tuesday,Michael Brown,1857,Lily Wright
Room 15,1,19,EE,Tuesday,Emily Davis,1858,Lily Wright
Room 15,1,20,EE,Tuesday,Daniel Lee,1865,Lily Wright
Room 15,1,20,EE,Tuesday,Olivia Hall,1866,Lily Wright
Room 15,1,21,EE,Tuesday,Andrew Hill,1873,Lily Wright
Room 15,1,21,EE,Tuesday,Mia King,1874,Lily Wright
Room 15,1,22,EE,Tuesday,Christopher Baker,1881,Lily Wright
Room 15,1,22,EE,Tuesday,Lily Wright,1882,Lily Wright
Room 16,1,19,EE,Tuesday,Michael Brown,1889,Andrew Hill
Room 16,1,19,EE,Tuesday,Emily Davis,1890,Andrew Hill
Room 16,1,20,EE,Tuesday,Daniel Lee,1897,Andrew Hill
Room 16,1,20,EE,Tuesday,Olivia Hall,1898,Andrew Hill
Room 16,1,21,EE,Tuesday,Andrew Hill,1905,Andrew Hill
Room 16,1,21,EE,Tuesday,Mia King,1906,Andrew Hill
Room 16,1,22,EE,Tuesday,Christopher Baker,1913,Andrew Hill
Room 16,1,22,EE,Tuesday,Lily Wright,1914,Andrew Hill
Room 16,1,19,EE,Tuesday,Michael Brown,1921,Andrew Hill
Room 16,1,19,EE,Tuesday,Emily Davis,1922,Andrew Hill
Room 16,1,20,EE,Tuesday,Daniel Lee,1929,Andrew Hill
Room 16,1,20,EE,Tuesday,Olivia Hall,1930,Andrew Hill
Room 16,1,21,EE,Tuesday,Andrew Hill,1937,Andrew Hill
Room 16,1,21,EE,Tuesday,Mia King,1938,Andrew Hill
Room 16,1,22,EE,Tuesday,Christopher Baker,1945,Andrew Hill
Room 16,1,19,EE,Tuesday,Michael Brown,1948,Andrew Hill
Room 16,1,19,EE,Tuesday,Emily Davis,1949,Andrew Hill
Room 16,1,20,EE,Tuesday,Daniel Lee,1956,Andrew Hill
Room 16,1,20,EE,Tuesday,Olivia Hall,1957,Andrew Hill
Room 16,1,21,EE,Tuesday,Andrew Hill,1964,Andrew Hill
Room 16,1,21,EE,Tuesday,Mia King,1965,Andrew Hill
Room 16,1,22,EE,Tuesday,Christopher Baker,1972,Andrew Hill
Room 16,1,22,EE,Tuesday,Lily Wright,1973,Andrew Hill
Room 16,1,19,EE,Tuesday,Michael Brown,1980,Andrew Hill
Room 16,1,19,EE,Tuesday,Emily Davis,1981,Andrew Hill
Room 16,1,20,EE,Tuesday,Daniel Lee,1988,Andrew Hill
Room 16,1,20,EE,Tuesday,Olivia Hall,1989,Andrew Hill
Room 16,1,21,EE,Tuesday,Andrew Hill,1996,Andrew Hill
Room 16,1,21,EE,Tuesday,Mia King,1997,Andrew Hill
Room 16,1,22,EE,Tuesday,Christopher Baker,2004,Andrew Hill
Room 17,1,22,EE,Tuesday,Lily Wright,2005,Olivia Hall
Room 17,1,19,EE,Tuesday,Michael Brown,2012,Olivia Hall
Room 17,1,19,EE,Tuesday,Emily Davis,2013,Olivia Hall
Room 17,1,20,EE,Tuesday,Daniel Lee,2020,Olivia Hall
Room 17,1,20,EE,Tuesday,Olivia Hall,2021,Olivia Hall
Room 17,1,21,EE,Tuesday,Andrew Hill,2028,Olivia Hall
Room 17,1,21,EE,Tuesday,Mia King,2029,Olivia Hall
Room 17,1,22,EE,Tuesday,Christopher Baker,2036,Olivia Hall
Room 17,1,22,EE,Tuesday,Lily Wright,2037,Olivia Hall
Room 17,1,19,EE,Tuesday,Michael Brown,2044,Olivia Hall
Room 17,1,19,EE,Tuesday,Emily Davis,2045,Olivia Hall
Room 17,1,20,EE,Tuesday,Daniel Lee,2052,Olivia Hall
Room 17,1,20,EE,Tuesday,Olivia Hall,2053,Olivia Hall
Room 17,1,21,EE,Tuesday,Andrew Hill,2060,Olivia Hall
Room 17,1,21,EE,Tuesday,Mia King,2061,Olivia Hall
Room 17,1,22,EE,Tuesday,Christopher Baker,2068,Olivia Hall
Room 17,1,19,EE,Tuesday,Michael Brown,2071,Olivia Hall
Room 17,1,19,EE,Tuesday,Emily Davis,2072,Olivia Hall
Room 17,1,20,EE,Tuesday,Daniel Lee,2079,Olivia Hall
Room 17,1,20,EE,Tuesday,Olivia Hall,2080,Olivia Hall
Room 17,1,21,EE,Tuesday,Andrew Hill,2087,Olivia Hall
Room 17,1,21,EE,Tuesday,Mia King,2088,Olivia Hall
Room 17,1,22,EE,Tuesday,Christopher Baker,2095,Olivia Hall
Room 17,1,22,EE,Tuesday,Lily Wright,2096,Olivia Hall
Room 17,1,19,EE,Tuesday,Michael Brown,2103,Olivia Hall
Room 17,1,19,EE,Tuesday,Emily Davis,2104,Olivia Hall
Room 17,1,20,EE,Tuesday,Daniel Lee,2111,Olivia Hall
Room 17,1,20,EE,Tuesday,Olivia Hall,2112,Olivia Hall
Room 17,1,21,EE,Tuesday,Andrew Hill,2119,Olivia Hall
Room 17,1,21,EE,Tuesday,Mia King,2120,Olivia Hall
Room 18,1,22,EE,Tuesday,Christopher Baker,2127,Mia King
Room 18,1,22,EE,Tuesday,Lily Wright,2128,Mia King
Room 18,1,19,EE,Tuesday,Michael Brown,2135,Mia King
Room 18,1,19,EE,Tuesday,Emily Davis,2136,Mia King
Room 18,1,20,EE,Tuesday,Daniel Lee,2143,Mia King
Room 18,1,20,EE,Tuesday,Olivia Hall,2144,Mia King
Room 18,1,21,EE,Tuesday,Andrew Hill,2151,Mia King
Room 18,1,21,EE,Tuesday,Mia King,2152,Mia King
Room 18,1,22,EE,Tuesday,Christopher Baker,2159,Mia King
Room 18,1,22,EE,Tuesday,Lily Wright,2160,Mia King
Room 18,1,19,EE,Tuesday,Michael Brown,2167,Mia King
Room 18,1,19,EE,Tuesday,Emily Davis,2168,Mia King
Room 18,1,20,EE,Tuesday,Daniel Lee,2175,Mia King
Room 18,1,20,EE,Tuesday,Olivia Hall,2176,Mia King
Room 18,1,21,EE,Tuesday,Andrew Hill,2183,Mia King
Room 18,1,21,EE,Tuesday,Mia King,2184,Mia King
Room 18,1,22,EE,Tuesday,Christopher Baker,2191,Mia King
Room 18,1,19,EE,Tuesday,Michael Brown,2194,Mia King
Room 18,1,19,EE,Tuesday,Emily Davis,2195,Mia King
Room 18,1,20,EE,Tuesday,Daniel Lee,2202,Mia King
Room 18,1,20,EE,Tuesday,Olivia Hall,2203,Mia King
Room 18,1,21,EE,Tuesday,Andrew Hill,2210,Mia King
Room 18,1,21,EE,Tuesday,Mia King,2211,Mia King
Room 18,1,22,EE,Tuesday,Christopher Baker,2218,Mia King
Room 18,1,22,EE,Tuesday,Lily Wright,2219,Mia King
Room 18,1,19,EE,Tuesday,Michael Brown,2226,Mia King
Room 18,1,19,EE,Tuesday,Emily Davis,2227,Mia King
Room 18,1,20,EE,Tuesday,Daniel Lee,2234,Mia King
Room 18,1,20,EE,Tuesday,Olivia Hall,2235,Mia King
Room 18,1,21,EE,Tuesday,Andrew Hill,2242,Mia King
Room 19,1,21,EE,Tuesday,Mia King,2243,Olivia Hall
Room 19,1,22,EE,Tuesday,Christopher Baker,2250,Olivia Hall
Room 19,1,22,EE,Tuesday,Lily Wright,2251,Olivia Hall
Room 19,1,19,EE,Tuesday,Michael Brown,2258,Olivia Hall
Room 19,1,19,EE,Tuesday,Emily Davis,2259,Olivia Hall
Room 19,1,20,EE,Tuesday,Daniel Lee,2266,Olivia Hall
Room 19,1,20,EE,Tuesday,Olivia Hall,2267,Olivia Hall
Room 19,1,21,EE,Tuesday,Andrew Hill,2274,Olivia Hall
Room 19,1,21,EE,Tuesday,Mia King,2275,Olivia Hall
Room 19,1,22,EE,Tuesday,Christopher Baker,2282,Olivia Hall
Room 19,1,22,EE,Tuesday,Lily Wright,2283,Olivia Hall
Room 19,1,19,EE,Tuesday,Michael Brown,2290,Olivia Hall
Room 19,1,19,EE,Tuesday,Emily Davis,2291,Olivia Hall
Room 19,1,20,EE,Tuesday,Daniel Lee,2298,Olivia Hall
Room 19,1,20,EE,Tuesday,Olivia Hall,2299,Olivia Hall
Room 19,1,21,EE,Tuesday,Andrew Hill,2306,Olivia Hall
Room 19,1,21,EE,Tuesday,Mia King,2307,Olivia Hall
Room 19,1,22,EE,Tuesday,Christopher Baker,2314,Olivia Hall
Room 19,1,19,EE,Tuesday,Michael Brown,2317,Olivia Hall
Room 19,1,19,EE,Tuesday,Emily Davis,2318,Olivia Hall
Room 19,1,20,EE,Tuesday,Daniel Lee,2325,Olivia Hall
Room 19,1,20,EE,Tuesday,Olivia Hall,2326,Olivia Hall
Room 19,1,21,EE,Tuesday,Andrew Hill,2333,Olivia Hall
Room 19,1,21,EE,Tuesday,Mia King,2334,Olivia Hall
Room 19,1,22,EE,Tuesday,Christopher Baker,2341,Olivia Hall
Room 19,1,22,EE,Tuesday,Lily Wright,2342,Olivia Hall
Room 19,1,19,EE,Tuesday,Michael Brown,2349,Olivia Hall
Room 19,1,19,EE,Tuesday,Emily Davis,2350,Olivia Hall
Room 19,1,20,EE,Tuesday,Daniel Lee,2357,Olivia Hall
Room 19,1,20,EE,Tuesday,Olivia Hall,2358,Olivia Hall
Room 20,1,21,EE,Tuesday,Andrew Hill,2365,Mia King
Room 20,1,21,EE,Tuesday,Mia King,2366,Mia King
Room 20,1,22,EE,Tuesday,Christopher Baker,2373,Mia King
Room 20,1,22,EE,Tuesday,Lily Wright,2374,Mia King
Room 20,1,19,EE,Tuesday,Michael Brown,2381,Mia King
Room 20,1,19,EE,Tuesday,Emily Davis,2382,Mia King
Room 20,1,20,EE,Tuesday,Daniel Lee,2389,Mia King
Room 20,1,20,EE,Tuesday,Olivia Hall,2390,Mia King
Room 20,1,21,EE,Tuesday,Andrew Hill,2397,Mia King
Room 20,1,21,EE,Tuesday,Mia King,2398,Mia King
Room 20,1,22,EE,Tuesday,Christopher Baker,2405,Mia King
Room 20,1,22,EE,Tuesday,Lily Wright,2406,Mia King
Room 20,1,19,EE,Tuesday,Michael Brown,2413,Mia King
Room 20,1,19,EE,Tuesday,Emily Davis,2414,Mia King
Room 20,1,20,EE,Tuesday,Daniel Lee,2421,Mia King
Room 20,1,20,EE,Tuesday,Olivia Hall,2422,Mia King
Room 20,1,21,EE,Tuesday,Andrew Hill,2429,Mia King
Room 20,1,21,EE,Tuesday,Mia King,2430,Mia King
Room 20,1,22,EE,Tuesday,Christopher Baker,2437,Mia King
Room 20,1,19,EE,Tuesday,Michael Brown,2440,Mia King
Room 20,1,19,EE,Tuesday,Emily Davis,2441,Mia King
Room 20,1,20,EE,Tuesday,Daniel Lee,2448,Mia King
Room 20,1,20,EE,Tuesday,Olivia Hall,2449,Mia King
Room 20,1,21,EE,Tuesday,Andrew Hill,2456,Mia King
Room 20,1,21,EE,Tuesday,Mia King,2457,Mia King
Room 20,1,22,EE,Tuesday,Christopher Baker,2464,Mia King
Room 20,1,22,EE,Tuesday,Lily Wright,2465,Mia King
Room 20,1,19,EE,Tuesday,Michael Brown,2472,Mia King
Room 20,1,19,EE,Tuesday,Emily Davis,2473,Mia King
Room 20,1,20,EE,Tuesday,Daniel Lee,2480,Mia King
Room 21,1,20,EE,Tuesday,Olivia Hall,2481,Christopher Baker
Room 21,1,21,EE,Tuesday,Andrew Hill,2488,Christopher Baker
Room 21,1,21,EE,Tuesday,Mia King,2489,Christopher Baker
Room 21,1,22,EE,Tuesday,Christopher Baker,2496,Christopher Baker
Room 21,1,22,EE,Tuesday,Lily Wright,2497,Christopher Baker
Room 21,1,19,EE,Tuesday,Michael Brown,2504,Christopher Baker
Room 21,1,19,EE,Tuesday,Emily Davis,2505,Christopher Baker
Room 21,1,20,EE,Tuesday,Daniel Lee,2512,Christopher Baker
Room 21,1,20,EE,Tuesday,Olivia Hall,2513,Christopher Baker
Room 21,1,21,EE,Tuesday,Andrew Hill,2520,Christopher Baker
Room 21,1,21,EE,Tuesday,Mia King,2521,Christopher Baker
Room 21,1,22,EE,Tuesday,Christopher Baker,2528,Christopher Baker
Room 21,1,22,EE,Tuesday,Lily Wright,2529,Christopher Baker
Room 21,1,19,EE,Tuesday,Michael Brown,2536,Christopher Baker
Room 21,1,19,EE,Tuesday,Emily Davis,2537,Christopher Baker
Room 21,1,20,EE,Tuesday,Daniel Lee,2544,Christopher Baker
Room 21,1,20,EE,Tuesday,Olivia Hall,2545,Christopher Baker
Room 21,1,21,EE,Tuesday,Andrew Hill,2552,Christopher Baker
Room 21,1,21,EE,Tuesday,Mia King,2553,Christopher Baker
Room 21,1,22,EE,Tuesday,Christopher Baker,2560,Christopher Baker
Room 21,1,19,EE,Tuesday,Michael Brown,2563,Christopher Baker
Room 21,1,19,EE,Tuesday,Emily Davis,2564,Christopher Baker
Room 21,1,20,EE,Tuesday,Daniel Lee,2571,Christopher Baker
Room 21,1,20,EE,Tuesday,Olivia Hall,2572,Christopher Baker
Room 21,1,21,EE,Tuesday,Andrew Hill,2579,Christopher Baker
Room 21,1,21,EE,Tuesday,Mia King,2580,Christopher Baker
Room 21,1,22,EE,Tuesday,Christopher Baker,2587,Christopher Baker
Room 21,1,22,EE,Tuesday,Lily Wright,2588,Christopher Baker
Room 21,1,19,EE,Tuesday,Michael Brown,2595,Christopher Baker
Room 21,1,19,EE,Tuesday,Emily Davis,2596,Christopher Baker
Room 22,1,20,EE,Tuesday,Daniel Lee,2603,Andrew Hill
Room 22,1,20,EE,Tuesday,Olivia Hall,2604,Andrew Hill
Room 22,1,21,EE,Tuesday,Andrew Hill,2611,Andrew Hill
Room 22,1,21,EE,Tuesday,Mia King,2612,Andrew Hill
Room 22,1,22,EE,Tuesday,Christopher Baker,2619,Andrew Hill
Room 22,1,22,EE,Tuesday,Lily Wright,2620,Andrew Hill
Room 22,1,19,EE,Tuesday,Michael Brown,2627,Andrew Hill
Room 22,1,19,EE,Tuesday,Emily Davis,2628,Andrew Hill
Room 22,1,20,EE,Tuesday,Daniel Lee,2635,Andrew Hill
Room 22,1,20,EE,Tuesday,Olivia Hall,2636,Andrew Hill
Room 22,1,21,EE,Tuesday,Andrew Hill,2643,Andrew Hill
Room 22,1,21,EE,Tuesday,Mia King,2644,Andrew Hill
Room 22,1,22,EE,Tuesday,Christopher Baker,2651,Andrew Hill
Room 22,1,22,EE,Tuesday,Lily Wright,2652,Andrew Hill
Room 22,1,19,EE,Tuesday,Michael Brown,2659,Andrew Hill
Room 22,1,19,EE,Tuesday,Emily Davis,2660,Andrew Hill
Room 22,1,20,EE,Tuesday,Daniel Lee,2667,Andrew Hill
Room 22,1,20,EE,Tuesday,Olivia Hall,2668,Andrew Hill
Room 22,1,21,EE,Tuesday,Andrew Hill,2675,Andrew Hill
Room 22,1,21,EE,Tuesday,Mia King,2676,Andrew Hill
Room 22,1,22,EE,Tuesday,Christopher Baker,2683,Andrew Hill
Room 22,1,19,EE,Tuesday,Michael Brown,2686,Andrew Hill
Room 22,1,19,EE,Tuesday,Emily Davis,2687,Andrew Hill
Room 22,1,20,EE,Tuesday,Daniel Lee,2694,Andrew Hill
Room 22,1,20,EE,Tuesday,Olivia Hall,2695,Andrew Hill
Room 22,1,21,EE,Tuesday,Andrew Hill,2702,Andrew Hill
Room 22,1,21,EE,Tuesday,Mia King,2703,Andrew Hill
Room 22,1,22,EE,Tuesday,Christopher Baker,2710,Andrew Hill
Room 22,1,22,EE,Tuesday,Lily Wright,2711,Andrew Hill
Room 22,1,19,EE,Tuesday,Michael Brown,2718,Andrew Hill
Room 23,1,19,EE,Tuesday,Emily Davis,2719,Christopher Baker
Room 23,1,20,EE,Tuesday,Daniel Lee,2726,Christopher Baker
Room 23,1,20,EE,Tuesday,Olivia Hall,2727,Christopher Baker
Room 23,1,21,EE,Tuesday,Andrew Hill,2734,Christopher Baker
Room 23,1,21,EE,Tuesday,Mia King,2735,Christopher Baker
Room 23,1,22,EE,Tuesday,Christopher Baker,2742,Christopher Baker
Room 23,1,22,EE,Tuesday,Lily Wright,2743,Christopher Baker
Room 23,1,19,EE,Tuesday,Michael Brown,2750,Christopher Baker
Room 23,1,19,EE,Tuesday,Emily Davis,2751,Christopher Baker
Room 23,1,20,EE,Tuesday,Daniel Lee,2758,Christopher Baker
Room 23,1,20,EE,Tuesday,Olivia Hall,2759,Christopher Baker
Room 23,1,21,EE,Tuesday,Andrew Hill,2766,Christopher Baker
Room 23,1,21,EE,Tuesday,Mia King,2767,Christopher Baker
Room 23,1,22,EE,Tuesday,Christopher Baker,2774,Christopher Baker
Room 23,1,22,EE,Tuesday,Lily Wright,2775,Christopher Baker
Room 23,1,19,EE,Tuesday,Michael Brown,2782,Christopher Baker
Room 23,1,19,EE,Tuesday,Emily Davis,2783,Christopher Baker
Room 23,1,20,EE,Tuesday,Daniel Lee,2790,Christopher Baker
Room 23,1,20,EE,Tuesday,Olivia Hall,2791,Christopher Baker
Room 23,1,21,EE,Tuesday,Andrew Hill,2798,Christopher Baker
Room 23,1,21,EE,Tuesday,Mia King,2799,Christopher Baker
Room 23,1,22,EE,Tuesday,Christopher Baker,2806,Christopher Baker
Room 1,0,19,AI,Wednesday,James Wilson,105,Sarah Clark
Room 1,0,19,AI,Wednesday,Sarah Clark,106,Sarah Clark
Room 1,0,20,AI,Wednesday,William Rodriguez,113,Sarah Clark
Room 1,0,20,AI,Wednesday,Sophia Lopez,114,Sarah Clark
Room 1,0,21,AI,Wednesday,Alexander Scott,121,Sarah Clark
Room 1,0,21,AI,Wednesday,Charlotte Evans,122,Sarah Clark
Room 1,0,22,AI,Wednesday,Matthew Nelson,129,Sarah Clark
Room 1,0,22,AI,Wednesday,Grace Robinson,130,Sarah Clark
Room 1,0,19,AI,Wednesday,James Wilson,137,Sarah Clark
Room 1,0,19,AI,Wednesday,Sarah Clark,138,Sarah Clark
Room 1,0,20,AI,Wednesday,William Rodriguez,145,Sarah Clark
Room 1,0,20,AI,Wednesday,Sophia Lopez,146,Sarah Clark
Room 1,0,21,AI,Wednesday,Alexander Scott,153,Sarah Clark
Room 1,0,21,AI,Wednesday,Charlotte Evans,154,Sarah Clark
Room 1,0,22,AI,Wednesday,Matthew Nelson,161,Sarah Clark
Room 1,0,22,AI,Wednesday,Grace Robinson,162,Sarah Clark
Room 1,0,19,AI,Wednesday,James Wilson,169,Sarah Clark
Room 1,0,19,AI,Wednesday,Sarah Clark,170,Sarah Clark
Room 1,0,20,AI,Wednesday,William Rodriguez,177,Sarah Clark
Room 1,0,20,AI,Wednesday,Sophia Lopez,178,Sarah Clark
Room 1,0,21,AI,Wednesday,Alexander Scott,185,Sarah Clark
Room 1,0,21,AI,Wednesday,Charlotte Evans,186,Sarah Clark
Room 1,0,22,AI,Wednesday,Matthew Nelson,193,Sarah Clark
Room 1,0,22,AI,Wednesday,Grace Robinson,194,Sarah Clark
Room 1,0,19,AI,Wednesday,James Wilson,201,Sarah Clark
Room 1,0,19,AI,Wednesday,Sarah Clark,202,Sarah Clark
Room 1,0,20,AI,Wednesday,William Rodriguez,209,Sarah Clark
Room 1,0,20,AI,Wednesday,Sophia Lopez,210,Sarah Clark
Room 1,0,21,AI,Wednesday,Alexander Scott,217,Sarah Clark
Room 1,0,21,AI,Wednesday,Charlotte Evans,218,Sarah Clark
Room 2,0,19,AI,Wednesday,James Wilson,228,Matthew Nelson
Room 2,0,19,AI,Wednesday,Sarah Clark,229,Matthew Nelson
Room 2,0,20,AI,Wednesday,William Rodriguez,236,Matthew Nelson
Room 2,0,20,AI,Wednesday,Sophia Lopez,237,Matthew Nelson
Room 2,0,21,AI,Wednesday,Alexander Scott,244,Matthew Nelson
Room 2,0,21,AI,Wednesday,Charlotte Evans,245,Matthew Nelson
Room 2,0,22,AI,Wednesday,Matthew Nelson,252,Matthew Nelson
Room 2,0,22,AI,Wednesday,Grace Robinson,253,Matthew Nelson
Room 2,0,19,AI,Wednesday,James Wilson,260,Matthew Nelson
Room 2,0,19,AI,Wednesday,Sarah Clark,261,Matthew Nelson
Room 2,0,20,AI,Wednesday,William Rodriguez,268,Matthew Nelson
Room 2,0,20,AI,Wednesday,Sophia Lopez,269,Matthew Nelson
Room 2,0,21,AI,Wednesday,Alexander Scott,276,Matthew Nelson
Room 2,0,21,AI,Wednesday,Charlotte Evans,277,Matthew Nelson
Room 2,0,22,AI,Wednesday,Matthew Nelson,284,Matthew Nelson
Room 2,0,22,AI,Wednesday,Grace Robinson,285,Matthew Nelson
Room 2,0,19,AI,Wednesday,James Wilson,292,Matthew Nelson
Room 2,0,19,AI,Wednesday,Sarah Clark,293,Matthew Nelson
Room 2,0,20,AI,Wednesday,William Rodriguez,300,Matthew Nelson
Room 2,0,20,AI,Wednesday,Sophia Lopez,301,Matthew Nelson
Room 2,0,21,AI,Wednesday,Alexander Scott,308,Matthew Nelson
Room 2,0,21,AI,Wednesday,Charlotte Evans,309,Matthew Nelson
Room 2,0,22,AI,Wednesday,Matthew Nelson,316,Matthew Nelson
Room 2,0,22,AI,Wednesday,Grace Robinson,317,Matthew Nelson
Room 2,0,19,AI,Wednesday,James Wilson,324,Matthew Nelson
Room 2,0,19,AI,Wednesday,Sarah Clark,325,Matthew Nelson
Room 2,0,20,AI,Wednesday,William Rodriguez,332,Matthew Nelson
Room 2,0,20,AI,Wednesday,Sophia Lopez,333,Matthew Nelson
Room 2,0,21,AI,Wednesday,Alexander Scott,340,Matthew Nelson
Room 2,0,21,AI,Wednesday,Charlotte Evans,341,Matthew Nelson
Room 3,0,19,AI,Wednesday,James Wilson,351,Sarah Clark
Room 3,0,19,AI,Wednesday,Sarah Clark,352,Sarah Clark
Room 3,0,20,AI,Wednesday,William Rodriguez,359,Sarah Clark
Room 3,0,20,AI,Wednesday,Sophia Lopez,360,Sarah Clark
Room 3,0,21,AI,Wednesday,Alexander Scott,367,Sarah Clark
Room 3,0,21,AI,Wednesday,Charlotte Evans,368,Sarah Clark
Room 3,0,22,AI,Wednesday,Matthew Nelson,375,Sarah Clark
Room 3,0,22,AI,Wednesday,Grace Robinson,376,Sarah Clark
Room 3,0,19,AI,Wednesday,James Wilson,383,Sarah Clark
Room 3,0,19,AI,Wednesday,Sarah Clark,384,Sarah Clark
Room 3,0,20,AI,Wednesday,William Rodriguez,391,Sarah Clark
Room 3,0,20,AI,Wednesday,Sophia Lopez,392,Sarah Clark
Room 3,0,21,AI,Wednesday,Alexander Scott,399,Sarah Clark
Room 3,0,21,AI,Wednesday,Charlotte Evans,400,Sarah Clark
Room 3,0,22,AI,Wednesday,Matthew Nelson,407,Sarah Clark
Room 3,0,22,AI,Wednesday,Grace Robinson,408,Sarah Clark
Room 3,0,19,AI,Wednesday,James Wilson,415,Sarah Clark
Room 3,0,19,AI,Wednesday,Sarah Clark,416,Sarah Clark
Room 3,0,20,AI,Wednesday,William Rodriguez,423,Sarah Clark
Room 3,0,20,AI,Wednesday,Sophia Lopez,424,Sarah Clark
Room 3,0,21,AI,Wednesday,Alexander Scott,431,Sarah Clark
Room 3,0,21,AI,Wednesday,Charlotte Evans,432,Sarah Clark
Room 3,0,22,AI,Wednesday,Matthew Nelson,439,Sarah Clark
Room 3,0,22,AI,Wednesday,Grace Robinson,440,Sarah Clark
Room 3,0,19,AI,Wednesday,James Wilson,447,Sarah Clark
Room 3,0,19,AI,Wednesday,Sarah Clark,448,Sarah Clark
Room 3,0,20,AI,Wednesday,William Rodriguez,455,Sarah Clark
Room 3,0,20,AI,Wednesday,Sophia Lopez,456,Sarah Clark
Room 3,0,21,AI,Wednesday,Alexander Scott,463,Sarah Clark
Room 3,0,21,AI,Wednesday,Charlotte Evans,464,Sarah Clark
Room 4,0,19,AI,Wednesday,James Wilson,474,Sophia Lopez
Room 4,0,19,AI,Wednesday,Sarah Clark,475,Sophia Lopez
Room 4,0,20,AI,Wednesday,William Rodriguez,482,Sophia Lopez
Room 4,0,20,AI,Wednesday,Sophia Lopez,483,Sophia Lopez
Room 4,0,21,AI,Wednesday,Alexander Scott,490,Sophia Lopez
Room 4,0,21,AI,Wednesday,Charlotte Evans,491,Sophia Lopez
Room 4,0,22,AI,Wednesday,Matthew Nelson,498,Sophia Lopez
Room 4,0,22,AI,Wednesday,Grace Robinson,499,Sophia Lopez
Room 4,0,19,AI,Wednesday,James Wilson,506,Sophia Lopez
Room 4,0,19,AI,Wednesday,Sarah Clark,507,Sophia Lopez
Room 4,0,20,AI,Wednesday,William Rodriguez,514,Sophia Lopez
Room 4,0,20,AI,Wednesday,Sophia Lopez,515,Sophia Lopez
Room 4,0,21,AI,Wednesday,Alexander Scott,522,Sophia Lopez
Room 4,0,21,AI,Wednesday,Charlotte Evans,523,Sophia Lopez
Room 4,0,22,AI,Wednesday,Matthew Nelson,530,Sophia Lopez
Room 4,0,22,AI,Wednesday,Grace Robinson,531,Sophia Lopez
Room 4,0,19,AI,Wednesday,James Wilson,538,Sophia Lopez
Room 4,0,19,AI,Wednesday,Sarah Clark,539,Sophia Lopez
Room 4,0,20,AI,Wednesday,William Rodriguez,546,Sophia Lopez
Room 4,0,20,AI,Wednesday,Sophia Lopez,547,Sophia Lopez
Room 4,0,21,AI,Wednesday,Alexander Scott,554,Sophia Lopez
Room 4,0,21,AI,Wednesday,Charlotte Evans,555,Sophia Lopez
Room 4,0,22,AI,Wednesday,Matthew Nelson,562,Sophia Lopez
Room 4,0,22,AI,Wednesday,Grace Robinson,563,Sophia Lopez
Room 4,0,19,AI,Wednesday,James Wilson,570,Sophia Lopez
Room 4,0,19,AI,Wednesday,Sarah Clark,571,Sophia Lopez
Room 4,0,20,AI,Wednesday,William Rodriguez,578,Sophia Lopez
Room 4,0,20,AI,Wednesday,Sophia Lopez,579,Sophia Lopez
Room 4,0,21,AI,Wednesday,Alexander Scott,586,Sophia Lopez
Room 4,0,21,AI,Wednesday,Charlotte Evans,587,Sophia Lopez
Room 5,0,19,AI,Wednesday,James Wilson,597,Sophia Lopez
Room 5,0,19,AI,Wednesday,Sarah Clark,598,Sophia Lopez
Room 5,0,20,AI,Wednesday,William Rodriguez,605,Sophia Lopez
Room 5,0,20,AI,Wednesday,Sophia Lopez,606,Sophia Lopez
Room 5,0,21,AI,Wednesday,Alexander Scott,613,Sophia Lopez
Room 5,0,21,AI,Wednesday,Charlotte Evans,614,Sophia Lopez
Room 5,0,22,AI,Wednesday,Matthew Nelson,621,Sophia Lopez
Room 5,0,22,AI,Wednesday,Grace Robinson,622,Sophia Lopez
Room 5,0,19,AI,Wednesday,James Wilson,629,Sophia Lopez
Room 5,0,19,AI,Wednesday,Sarah Clark,630,Sophia Lopez
Room 5,0,20,AI,Wednesday,William Rodriguez,637,Sophia Lopez
Room 5,0,20,AI,Wednesday,Sophia Lopez,638,Sophia Lopez
Room 5,0,21,AI,Wednesday,Alexander Scott,645,Sophia Lopez
Room 5,0,21,AI,Wednesday,Charlotte Evans,646,Sophia Lopez
Room 5,0,22,AI,Wednesday,Matthew Nelson,653,Sophia Lopez
Room 5,0,22,AI,Wednesday,Grace Robinson,654,Sophia Lopez
Room 5,0,19,AI,Wednesday,James Wilson,661,Sophia Lopez
Room 5,0,19,AI,Wednesday,Sarah Clark,662,Sophia Lopez
Room 5,0,20,AI,Wednesday,William Rodriguez,669,Sophia Lopez
Room 5,0,20,AI,Wednesday,Sophia Lopez,670,Sophia Lopez
Room 5,0,21,AI,Wednesday,Alexander Scott,677,Sophia Lopez
Room 5,0,21,AI,Wednesday,Charlotte Evans,678,Sophia Lopez
Room 5,0,22,AI,Wednesday,Matthew Nelson,685,Sophia Lopez
Room 5,0,22,AI,Wednesday,Grace Robinson,686,Sophia Lopez
Room 5,0,19,AI,Wednesday,James Wilson,693,Sophia Lopez
Room 5,0,19,AI,Wednesday,Sarah Clark,694,Sophia Lopez
Room 5,0,20,AI,Wednesday,William Rodriguez,701,Sophia Lopez
Room 5,0,20,AI,Wednesday,Sophia Lopez,702,Sophia Lopez
Room 5,0,21,AI,Wednesday,Alexander Scott,709,Sophia Lopez
Room 5,0,21,AI,Wednesday,Charlotte Evans,710,Sophia Lopez
Room 6,0,19,AI,Wednesday,James Wilson,720,William Rodriguez
Room 6,0,19,AI,Wednesday,Sarah Clark,721,William Rodriguez
Room 6,0,20,AI,Wednesday,William Rodriguez,728,William Rodriguez
Room 6,0,20,AI,Wednesday,Sophia Lopez,729,William Rodriguez
Room 6,0,21,AI,Wednesday,Alexander Scott,736,William Rodriguez
Room 6,0,21,AI,Wednesday,Charlotte Evans,737,William Rodriguez
Room 6,0,22,AI,Wednesday,Matthew Nelson,744,William Rodriguez
Room 6,0,22,AI,Wednesday,Grace Robinson,745,William Rodriguez
Room 6,0,19,AI,Wednesday,James Wilson,752,William Rodriguez
Room 6,0,19,AI,Wednesday,Sarah Clark,753,William Rodriguez
Room 6,0,20,AI,Wednesday,William Rodriguez,760,William Rodriguez
Room 6,0,20,AI,Wednesday,Sophia Lopez,761,William Rodriguez
Room 6,0,21,AI,Wednesday,Alexander Scott,768,William Rodriguez
Room 6,0,21,AI,Wednesday,Charlotte Evans,769,William Rodriguez
Room 6,0,22,AI,Wednesday,Matthew Nelson,776,William Rodriguez
Room 6,0,22,AI,Wednesday,Grace Robinson,777,William Rodriguez
Room 6,0,19,AI,Wednesday,James Wilson,784,William Rodriguez
Room 6,0,19,AI,Wednesday,Sarah Clark,785,William Rodriguez
Room 6,0,20,AI,Wednesday,William Rodriguez,792,William Rodriguez
Room 6,0,20,AI,Wednesday,Sophia Lopez,793,William Rodriguez
Room 6,0,21,AI,Wednesday,Alexander Scott,800,William Rodriguez
Room 6,0,21,AI,Wednesday,Charlotte Evans,801,William Rodriguez
Room 6,0,22,AI,Wednesday,Matthew Nelson,808,William Rodriguez
Room 6,0,22,AI,Wednesday,Grace Robinson,809,William Rodriguez
Room 6,0,19,AI,Wednesday,James Wilson,816,William Rodriguez
Room 6,0,19,AI,Wednesday,Sarah Clark,817,William Rodriguez
Room 6,0,20,AI,Wednesday,William Rodriguez,824,William Rodriguez
Room 6,0,20,AI,Wednesday,Sophia Lopez,825,William Rodriguez
Room 6,0,21,AI,Wednesday,Alexander Scott,832,William Rodriguez
Room 6,0,21,AI,Wednesday,Charlotte Evans,833,William Rodriguez
Room 7,0,19,AI,Wednesday,James Wilson,843,Matthew Nelson
Room 7,0,19,AI,Wednesday,Sarah Clark,844,Matthew Nelson
Room 7,0,20,AI,Wednesday,William Rodriguez,851,Matthew Nelson
Room 7,0,20,AI,Wednesday,Sophia Lopez,852,Matthew Nelson
Room 7,0,21,AI,Wednesday,Alexander Scott,859,Matthew Nelson
Room 7,0,21,AI,Wednesday,Charlotte Evans,860,Matthew Nelson
Room 7,0,22,AI,Wednesday,Matthew Nelson,867,Matthew Nelson
Room 7,0,22,AI,Wednesday,Grace Robinson,868,Matthew Nelson
Room 7,0,19,AI,Wednesday,James Wilson,875,Matthew Nelson
Room 7,0,19,AI,Wednesday,Sarah Clark,876,Matthew Nelson
Room 7,0,20,AI,Wednesday,William Rodriguez,883,Matthew Nelson
Room 7,0,20,AI,Wednesday,Sophia Lopez,884,Matthew Nelson
Room 7,0,21,AI,Wednesday,Alexander Scott,891,Matthew Nelson
Room 7,0,21,AI,Wednesday,Charlotte Evans,892,Matthew Nelson
Room 7,0,22,AI,Wednesday,Matthew Nelson,899,Matthew Nelson
Room 7,0,22,AI,Wednesday,Grace Robinson,900,Matthew Nelson
Room 7,0,19,AI,Wednesday,James Wilson,907,Matthew Nelson
Room 7,0,19,AI,Wednesday,Sarah Clark,908,Matthew Nelson
Room 7,0,20,AI,Wednesday,William Rodriguez,915,Matthew Nelson
Room 7,0,20,AI,Wednesday,Sophia Lopez,916,Matthew Nelson
Room 7,0,21,AI,Wednesday,Alexander Scott,923,Matthew Nelson
Room 7,0,21,AI,Wednesday,Charlotte Evans,924,Matthew Nelson
Room 7,0,22,AI,Wednesday,Matthew Nelson,931,Matthew Nelson
Room 7,0,22,AI,Wednesday,Grace Robinson,932,Matthew Nelson
Room 7,0,19,AI,Wednesday,James Wilson,939,Matthew Nelson
Room 7,0,19,AI,Wednesday,Sarah Clark,940,Matthew Nelson
Room 7,0,20,AI,Wednesday,William Rodriguez,947,Matthew Nelson
Room 7,0,20,AI,Wednesday,Sophia Lopez,948,Matthew Nelson
Room 7,0,21,AI,Wednesday,Alexander Scott,955,Matthew Nelson
Room 7,0,21,AI,Wednesday,Charlotte Evans,956,Matthew Nelson
Room 8,0,19,AI,Wednesday,James Wilson,966,James Wilson
Room 8,0,19,AI,Wednesday,Sarah Clark,967,James Wilson
Room 8,0,20,AI,Wednesday,William Rodriguez,974,James Wilson
Room 8,0,20,AI,Wednesday,Sophia Lopez,975,James Wilson
Room 8,0,21,AI,Wednesday,Alexander Scott,982,James Wilson
Room 8,0,21,AI,Wednesday,Charlotte Evans,983,James Wilson
Room 8,0,22,AI,Wednesday,Matthew Nelson,990,James Wilson
Room 8,0,22,AI,Wednesday,Grace Robinson,991,James Wilson
Room 8,0,19,AI,Wednesday,James Wilson,998,James Wilson
Room 8,0,19,AI,Wednesday,Sarah Clark,999,James Wilson
Room 8,0,20,AI,Wednesday,William Rodriguez,1006,James Wilson
Room 8,0,20,AI,Wednesday,Sophia Lopez,1007,James Wilson
Room 8,0,21,AI,Wednesday,Alexander Scott,1014,James Wilson
Room 8,0,21,AI,Wednesday,Charlotte Evans,1015,James Wilson
Room 8,0,22,AI,Wednesday,Matthew Nelson,1022,James Wilson
Room 8,0,22,AI,Wednesday,Grace Robinson,1023,James Wilson
Room 8,0,19,AI,Wednesday,James Wilson,1030,James Wilson
Room 8,0,19,AI,Wednesday,Sarah Clark,1031,James Wilson
Room 8,0,20,AI,Wednesday,William Rodriguez,1038,James Wilson
Room 8,0,20,AI,Wednesday,Sophia Lopez,1039,James Wilson
Room 8,0,21,AI,Wednesday,Alexander Scott,1046,James Wilson
Room 8,0,21,AI,Wednesday,Charlotte Evans,1047,James Wilson
Room 8,0,22,AI,Wednesday,Matthew Nelson,1054,James Wilson
Room 8,0,22,AI,Wednesday,Grace Robinson,1055,James Wilson
Room 8,0,19,AI,Wednesday,James Wilson,1062,James Wilson
Room 8,0,19,AI,Wednesday,Sarah Clark,1063,James Wilson
Room 8,0,20,AI,Wednesday,William Rodriguez,1070,James Wilson
Room 8,0,20,AI,Wednesday,Sophia Lopez,1071,James Wilson
Room 8,0,21,AI,Wednesday,Alexander Scott,1078,James Wilson
Room 8,0,21,AI,Wednesday,Charlotte Evans,1079,James Wilson
Room 9,0,19,AI,Wednesday,James Wilson,1089,Charlotte Evans
Room 9,0,19,AI,Wednesday,Sarah Clark,1090,Charlotte Evans
Room 9,0,20,AI,Wednesday,William Rodriguez,1097,Charlotte Evans
Room 9,0,20,AI,Wednesday,Sophia Lopez,1098,Charlotte Evans
Room 9,0,21,AI,Wednesday,Alexander Scott,1105,Charlotte Evans
Room 9,0,21,AI,Wednesday,Charlotte Evans,1106,Charlotte Evans
Room 9,0,22,AI,Wednesday,Matthew Nelson,1113,Charlotte Evans
Room 9,0,22,AI,Wednesday,Grace Robinson,1114,Charlotte Evans
Room 9,0,19,AI,Wednesday,James Wilson,1121,Charlotte Evans
Room 9,0,19,AI,Wednesday,Sarah Clark,1122,Charlotte Evans
Room 9,0,20,AI,Wednesday,William Rodriguez,1129,Charlotte Evans
Room 9,0,20,AI,Wednesday,Sophia Lopez,1130,Charlotte Evans
Room 9,0,21,AI,Wednesday,Alexander Scott,1137,Charlotte Evans
Room 9,0,21,AI,Wednesday,Charlotte Evans,1138,Charlotte Evans
Room 9,0,22,AI,Wednesday,Matthew Nelson,1145,Charlotte Evans
Room 9,0,22,AI,Wednesday,Grace Robinson,1146,Charlotte Evans
Room 9,0,19,AI,Wednesday,James Wilson,1153,Charlotte Evans
Room 9,0,19,AI,Wednesday,Sarah Clark,1154,Charlotte Evans
Room 9,0,20,AI,Wednesday,William Rodriguez,1161,Charlotte Evans
Room 9,0,20,AI,Wednesday,Sophia Lopez,1162,Charlotte Evans
Room 9,0,21,AI,Wednesday,Alexander Scott,1169,Charlotte Evans
Room 9,0,21,AI,Wednesday,Charlotte Evans,1170,Charlotte Evans
Room 9,0,22,AI,Wednesday,Matthew Nelson,1177,Charlotte Evans
Room 9,0,22,AI,Wednesday,Grace Robinson,1178,Charlotte Evans
Room 9,0,19,AI,Wednesday,James Wilson,1185,Charlotte Evans
Room 9,0,19,AI,Wednesday,Sarah Clark,1186,Charlotte Evans
Room 9,0,20,AI,Wednesday,William Rodriguez,1193,Charlotte Evans
Room 9,0,20,AI,Wednesday,Sophia Lopez,1194,Charlotte Evans
Room 9,0,21,AI,Wednesday,Alexander Scott,1201,Charlotte Evans
Room 9,0,21,AI,Wednesday,Charlotte Evans,1202,Charlotte Evans
Room 10,0,19,AI,Wednesday,James Wilson,1212,Sarah Clark
Room 10,0,19,AI,Wednesday,Sarah Clark,1213,Sarah Clark
Room 10,0,20,AI,Wednesday,William Rodriguez,1220,Sarah Clark
Room 10,0,20,AI,Wednesday,Sophia Lopez,1221,Sarah Clark
Room 10,0,21,AI,Wednesday,Alexander Scott,1228,Sarah Clark
Room 10,0,21,AI,Wednesday,Charlotte Evans,1229,Sarah Clark
Room 10,0,22,AI,Wednesday,Matthew Nelson,1236,Sarah Clark
Room 10,0,22,AI,Wednesday,Grace Robinson,1237,Sarah Clark
Room 10,0,19,AI,Wednesday,James Wilson,1244,Sarah Clark
Room 10,0,19,AI,Wednesday,Sarah Clark,1245,Sarah Clark
Room 10,0,20,AI,Wednesday,William Rodriguez,1252,Sarah Clark
Room 10,0,20,AI,Wednesday,Sophia Lopez,1253,Sarah Clark
Room 10,0,21,AI,Wednesday,Alexander Scott,1260,Sarah Clark
Room 10,0,21,AI,Wednesday,Charlotte Evans,1261,Sarah Clark
Room 10,0,22,AI,Wednesday,Matthew Nelson,1268,Sarah Clark
Room 10,0,22,AI,Wednesday,Grace Robinson,1269,Sarah Clark
Room 10,0,19,AI,Wednesday,James Wilson,1276,Sarah Clark
Room 10,0,19,AI,Wednesday,Sarah Clark,1277,Sarah Clark
Room 10,0,20,AI,Wednesday,William Rodriguez,1284,Sarah Clark
Room 10,0,20,AI,Wednesday,Sophia Lopez,1285,Sarah Clark
Room 10,0,21,AI,Wednesday,Alexander Scott,1292,Sarah Clark
Room 10,0,21,AI,Wednesday,Charlotte Evans,1293,Sarah Clark
Room 10,0,22,AI,Wednesday,Matthew Nelson,1300,Sarah Clark
Room 10,0,22,AI,Wednesday,Grace Robinson,1301,Sarah Clark
Room 10,0,19,AI,Wednesday,James Wilson,1308,Sarah Clark
Room 10,0,19,AI,Wednesday,Sarah Clark,1309,Sarah Clark
Room 10,0,20,AI,Wednesday,William Rodriguez,1316,Sarah Clark
Room 10,0,20,AI,Wednesday,Sophia Lopez,1317,Sarah Clark
Room 10,0,21,AI,Wednesday,Alexander Scott,1324,Sarah Clark
Room 10,0,21,AI,Wednesday,Charlotte Evans,1325,Sarah Clark
Room 11,0,19,AI,Wednesday,James Wilson,1335,Charlotte Evans
Room 11,0,19,AI,Wednesday,Sarah Clark,1336,Charlotte Evans
Room 11,0,20,AI,Wednesday,William Rodriguez,1343,Charlotte Evans
Room 11,0,20,AI,Wednesday,Sophia Lopez,1344,Charlotte Evans
Room 11,0,21,AI,Wednesday,Alexander Scott,1351,Charlotte Evans
Room 11,0,21,AI,Wednesday,Charlotte Evans,1352,Charlotte Evans
Room 11,0,22,AI,Wednesday,Matthew Nelson,1359,Charlotte Evans
Room 11,0,22,AI,Wednesday,Grace Robinson,1360,Charlotte Evans
Room 11,0,19,AI,Wednesday,James Wilson,1367,Charlotte Evans
Room 11,0,19,AI,Wednesday,Sarah Clark,1368,Charlotte Evans
Room 11,0,20,AI,Wednesday,William Rodriguez,1375,Charlotte Evans
Room 11,0,20,AI,Wednesday,Sophia Lopez,1376,Charlotte Evans
Room 11,0,21,AI,Wednesday,Alexander Scott,1383,Charlotte Evans
Room 11,0,21,AI,Wednesday,Charlotte Evans,1384,Charlotte Evans
Room 11,0,22,AI,Wednesday,Matthew Nelson,1391,Charlotte Evans
Room 11,0,22,AI,Wednesday,Grace Robinson,1392,Charlotte Evans
Room 11,0,19,AI,Wednesday,James Wilson,1399,Charlotte Evans
Room 11,0,19,AI,Wednesday,Sarah Clark,1400,Charlotte Evans
Room 11,0,20,AI,Wednesday,William Rodriguez,1407,Charlotte Evans
Room 11,0,20,AI,Wednesday,Sophia Lopez,1408,Charlotte Evans
Room 11,0,21,AI,Wednesday,Alexander Scott,1415,Charlotte Evans
Room 11,0,21,AI,Wednesday,Charlotte Evans,1416,Charlotte Evans
Room 11,0,22,AI,Wednesday,Matthew Nelson,1423,Charlotte Evans
Room 11,0,22,AI,Wednesday,Grace Robinson,1424,Charlotte Evans
Room 11,0,19,AI,Wednesday,James Wilson,1431,Charlotte Evans
Room 11,0,19,AI,Wednesday,Sarah Clark,1432,Charlotte Evans
Room 11,0,20,AI,Wednesday,William Rodriguez,1439,Charlotte Evans
Room 11,0,20,AI,Wednesday,Sophia Lopez,1440,Charlotte Evans
Room 11,0,21,AI,Wednesday,Alexander Scott,1447,Charlotte Evans
Room 11,0,21,AI,Wednesday,Charlotte Evans,1448,Charlotte Evans
Room 12,0,19,AI,Wednesday,James Wilson,1458,Alexander Scott
Room 12,0,19,AI,Wednesday,Sarah Clark,1459,Alexander Scott
Room 12,0,20,AI,Wednesday,William Rodriguez,1466,Alexander Scott
Room 12,0,20,AI,Wednesday,Sophia Lopez,1467,Alexander Scott
Room 12,0,21,AI,Wednesday,Alexander Scott,1474,Alexander Scott
Room 12,0,21,AI,Wednesday,Charlotte Evans,1475,Alexander Scott
Room 12,0,22,AI,Wednesday,Matthew Nelson,1482,Alexander Scott
Room 12,0,22,AI,Wednesday,Grace Robinson,1483,Alexander Scott
Room 12,0,19,AI,Wednesday,James Wilson,1490,Alexander Scott
Room 12,0,19,AI,Wednesday,Sarah Clark,1491,Alexander Scott
Room 12,0,20,AI,Wednesday,William Rodriguez,1498,Alexander Scott
Room 12,0,20,AI,Wednesday,Sophia Lopez,1499,Alexander Scott
Room 12,0,21,AI,Wednesday,Alexander Scott,1506,Alexander Scott
Room 12,0,21,AI,Wednesday,Charlotte Evans,1507,Alexander Scott
Room 12,0,22,AI,Wednesday,Matthew Nelson,1514,Alexander Scott
Room 12,0,22,AI,Wednesday,Grace Robinson,1515,Alexander Scott
Room 12,0,19,AI,Wednesday,James Wilson,1522,Alexander Scott
Room 12,0,19,AI,Wednesday,Sarah Clark,1523,Alexander Scott
Room 12,0,20,AI,Wednesday,William Rodriguez,1530,Alexander Scott
Room 12,0,20,AI,Wednesday,Sophia Lopez,1531,Alexander Scott
Room 12,0,21,AI,Wednesday,Alexander Scott,1538,Alexander Scott
Room 12,0,21,AI,Wednesday,Charlotte Evans,1539,Alexander Scott
Room 12,0,22,AI,Wednesday,Matthew Nelson,1546,Alexander Scott
Room 12,0,22,AI,Wednesday,Grace Robinson,1547,Alexander Scott
Room 12,0,19,AI,Wednesday,James Wilson,1554,Alexander Scott
Room 12,0,19,AI,Wednesday,Sarah Clark,1555,Alexander Scott
Room 12,0,20,AI,Wednesday,William Rodriguez,1562,Alexander Scott
Room 12,0,20,AI,Wednesday,Sophia Lopez,1563,Alexander Scott
Room 12,0,21,AI,Wednesday,Alexander Scott,1570,Alexander Scott
Room 12,0,21,AI,Wednesday,Charlotte Evans,1571,Alexander Scott
Room 13,0,19,AI,Wednesday,James Wilson,1581,Alexander Scott
Room 13,0,19,AI,Wednesday,Sarah Clark,1582,Alexander Scott
Room 13,0,20,AI,Wednesday,William Rodriguez,1589,Alexander Scott
Room 13,0,20,AI,Wednesday,Sophia Lopez,1590,Alexander Scott
Room 13,0,21,AI,Wednesday,Alexander Scott,1597,Alexander Scott
Room 13,0,21,AI,Wednesday,Charlotte Evans,1598,Alexander Scott
Room 13,0,22,AI,Wednesday,Matthew Nelson,1605,Alexander Scott
Room 13,0,22,AI,Wednesday,Grace Robinson,1606,Alexander Scott
Room 13,0,19,AI,Wednesday,James Wilson,1613,Alexander Scott
Room 13,0,19,AI,Wednesday,Sarah Clark,1614,Alexander Scott
Room 13,0,20,AI,Wednesday,William Rodriguez,1621,Alexander Scott
Room 13,0,20,AI,Wednesday,Sophia Lopez,1622,Alexander Scott
Room 13,0,21,AI,Wednesday,Alexander Scott,1629,Alexander Scott
Room 13,0,21,AI,Wednesday,Charlotte Evans,1630,Alexander Scott
Room 13,0,22,AI,Wednesday,Matthew Nelson,1637,Alexander Scott
Room 13,0,22,AI,Wednesday,Grace Robinson,1638,Alexander Scott
Room 13,0,19,AI,Wednesday,James Wilson,1645,Alexander Scott
Room 13,0,19,AI,Wednesday,Sarah Clark,1646,Alexander Scott
Room 13,0,20,AI,Wednesday,William Rodriguez,1653,Alexander Scott
Room 13,0,20,AI,Wednesday,Sophia Lopez,1654,Alexander Scott
Room 13,0,21,AI,Wednesday,Alexander Scott,1661,Alexander Scott
Room 13,0,21,AI,Wednesday,Charlotte Evans,1662,Alexander Scott
Room 13,0,22,AI,Wednesday,Matthew Nelson,1669,Alexander Scott
Room 13,0,22,AI,Wednesday,Grace Robinson,1670,Alexander Scott
Room 13,0,19,AI,Wednesday,James Wilson,1677,Alexander Scott
Room 13,0,19,AI,Wednesday,Sarah Clark,1678,Alexander Scott
Room 13,0,20,AI,Wednesday,William Rodriguez,1685,Alexander Scott
Room 13,0,20,AI,Wednesday,Sophia Lopez,1686,Alexander Scott
Room 13,0,21,AI,Wednesday,Alexander Scott,1693,Alexander Scott
Room 13,0,21,AI,Wednesday,Charlotte Evans,1694,Alexander Scott
Room 14,0,19,AI,Wednesday,James Wilson,1704,Sarah Clark
Room 14,0,19,AI,Wednesday,Sarah Clark,1705,Sarah Clark
Room 14,0,20,AI,Wednesday,William Rodriguez,1712,Sarah Clark
Room 14,0,20,AI,Wednesday,Sophia Lopez,1713,Sarah Clark
Room 14,0,21,AI,Wednesday,Alexander Scott,1720,Sarah Clark
Room 14,0,21,AI,Wednesday,Charlotte Evans,1721,Sarah Clark
Room 14,0,22,AI,Wednesday,Matthew Nelson,1728,Sarah Clark
Room 14,0,22,AI,Wednesday,Grace Robinson,1729,Sarah Clark
Room 14,0,19,AI,Wednesday,James Wilson,1736,Sarah Clark
Room 14,0,19,AI,Wednesday,Sarah Clark,1737,Sarah Clark
Room 14,0,20,AI,Wednesday,William Rodriguez,1744,Sarah Clark
Room 14,0,20,AI,Wednesday,Sophia Lopez,1745,Sarah Clark
Room 14,0,21,AI,Wednesday,Alexander Scott,1752,Sarah Clark
Room 14,0,21,AI,Wednesday,Charlotte Evans,1753,Sarah Clark
Room 14,0,22,AI,Wednesday,Matthew Nelson,1760,Sarah Clark
Room 14,0,22,AI,Wednesday,Grace Robinson,1761,Sarah Clark
Room 14,0,19,AI,Wednesday,James Wilson,1768,Sarah Clark
Room 14,0,19,AI,Wednesday,Sarah Clark,1769,Sarah Clark
Room 14,0,20,AI,Wednesday,William Rodriguez,1776,Sarah Clark
Room 14,0,20,AI,Wednesday,Sophia Lopez,1777,Sarah Clark
Room 14,0,21,AI,Wednesday,Alexander Scott,1784,Sarah Clark
Room 14,0,21,AI,Wednesday,Charlotte Evans,1785,Sarah Clark
Room 14,0,22,AI,Wednesday,Matthew Nelson,1792,Sarah Clark
Room 14,0,22,AI,Wednesday,Grace Robinson,1793,Sarah Clark
Room 14,0,19,AI,Wednesday,James Wilson,1800,Sarah Clark
Room 14,0,19,AI,Wednesday,Sarah Clark,1801,Sarah Clark
Room 14,0,20,AI,Wednesday,William Rodriguez,1808,Sarah Clark
Room 14,0,20,AI,Wednesday,Sophia Lopez,1809,Sarah Clark
Room 14,0,21,AI,Wednesday,Alexander Scott,1816,Sarah Clark
Room 14,0,21,AI,Wednesday,Charlotte Evans,1817,Sarah Clark
Room 15,0,19,AI,Wednesday,James Wilson,1827,William Rodriguez
Room 15,0,19,AI,Wednesday,Sarah Clark,1828,William Rodriguez
Room 15,0,20,AI,Wednesday,William Rodriguez,1835,William Rodriguez
Room 15,0,20,AI,Wednesday,Sophia Lopez,1836,William Rodriguez
Room 15,0,21,AI,Wednesday,Alexander Scott,1843,William Rodriguez
Room 15,0,21,AI,Wednesday,Charlotte Evans,1844,William Rodriguez
Room 15,0,22,AI,Wednesday,Matthew Nelson,1851,William Rodriguez
Room 15,0,22,AI,Wednesday,Grace Robinson,1852,William Rodriguez
Room 15,0,19,AI,Wednesday,James Wilson,1859,William Rodriguez
Room 15,0,19,AI,Wednesday,Sarah Clark,1860,William Rodriguez
Room 15,0,20,AI,Wednesday,William Rodriguez,1867,William Rodriguez
Room 15,0,20,AI,Wednesday,Sophia Lopez,1868,William Rodriguez
Room 15,0,21,AI,Wednesday,Alexander Scott,1875,William Rodriguez
Room 15,0,21,AI,Wednesday,Charlotte Evans,1876,William Rodriguez
Room 15,0,22,AI,Wednesday,Matthew Nelson,1883,William Rodriguez
Room 15,0,22,AI,Wednesday,Grace Robinson,1884,William Rodriguez
Room 15,0,19,AI,Wednesday,James Wilson,1891,William Rodriguez
Room 15,0,19,AI,Wednesday,Sarah Clark,1892,William Rodriguez
Room 15,0,20,AI,Wednesday,William Rodriguez,1899,William Rodriguez
Room 15,0,20,AI,Wednesday,Sophia Lopez,1900,William Rodriguez
Room 15,0,21,AI,Wednesday,Alexander Scott,1907,William Rodriguez
Room 15,0,21,AI,Wednesday,Charlotte Evans,1908,William Rodriguez
Room 15,0,22,AI,Wednesday,Matthew Nelson,1915,William Rodriguez
Room 15,0,22,AI,Wednesday,Grace Robinson,1916,William Rodriguez
Room 15,0,19,AI,Wednesday,James Wilson,1923,William Rodriguez
Room 15,0,19,AI,Wednesday,Sarah Clark,1924,William Rodriguez
Room 15,0,20,AI,Wednesday,William Rodriguez,1931,William Rodriguez
Room 15,0,20,AI,Wednesday,Sophia Lopez,1932,William Rodriguez
Room 15,0,21,AI,Wednesday,Alexander Scott,1939,William Rodriguez
Room 15,0,21,AI,Wednesday,Charlotte Evans,1940,William Rodriguez
Room 16,0,19,AI,Wednesday,James Wilson,1950,William Rodriguez
Room 16,0,19,AI,Wednesday,Sarah Clark,1951,William Rodriguez
Room 16,0,20,AI,Wednesday,William Rodriguez,1958,William Rodriguez
Room 16,0,20,AI,Wednesday,Sophia Lopez,1959,William Rodriguez
Room 16,0,21,AI,Wednesday,Alexander Scott,1966,William Rodriguez
Room 16,0,21,AI,Wednesday,Charlotte Evans,1967,William Rodriguez
Room 16,0,22,AI,Wednesday,Matthew Nelson,1974,William Rodriguez
Room 16,0,22,AI,Wednesday,Grace Robinson,1975,William Rodriguez
Room 16,0,19,AI,Wednesday,James Wilson,1982,William Rodriguez
Room 16,0,19,AI,Wednesday,Sarah Clark,1983,William Rodriguez
Room 16,0,20,AI,Wednesday,William Rodriguez,1990,William Rodriguez
Room 16,0,20,AI,Wednesday,Sophia Lopez,1991,William Rodriguez
Room 16,0,21,AI,Wednesday,Alexander Scott,1998,William Rodriguez
Room 16,0,21,AI,Wednesday,Charlotte Evans,1999,William Rodriguez
Room 16,0,22,AI,Wednesday,Matthew Nelson,2006,William Rodriguez
Room 16,0,22,AI,Wednesday,Grace Robinson,2007,William Rodriguez
Room 16,0,19,AI,Wednesday,James Wilson,2014,William Rodriguez
Room 16,0,19,AI,Wednesday,Sarah Clark,2015,William Rodriguez
Room 16,0,20,AI,Wednesday,William Rodriguez,2022,William Rodriguez
Room 16,0,20,AI,Wednesday,Sophia Lopez,2023,William Rodriguez
Room 16,0,21,AI,Wednesday,Alexander Scott,2030,William Rodriguez
Room 16,0,21,AI,Wednesday,Charlotte Evans,2031,William Rodriguez
Room 16,0,22,AI,Wednesday,Matthew Nelson,2038,William Rodriguez
Room 16,0,22,AI,Wednesday,Grace Robinson,2039,William Rodriguez
Room 16,0,19,AI,Wednesday,James Wilson,2046,William Rodriguez
Room 16,0,19,AI,Wednesday,Sarah Clark,2047,William Rodriguez
Room 16,0,20,AI,Wednesday,William Rodriguez,2054,William Rodriguez
Room 16,0,20,AI,Wednesday,Sophia Lopez,2055,William Rodriguez
Room 16,0,21,AI,Wednesday,Alexander Scott,2062,William Rodriguez
Room 16,0,21,AI,Wednesday,Charlotte Evans,2063,William Rodriguez
Room 17,0,19,AI,Wednesday,James Wilson,2073,Sarah Clark
Room 17,0,19,AI,Wednesday,Sarah Clark,2074,Sarah Clark
Room 17,0,20,AI,Wednesday,William Rodriguez,2081,Sarah Clark
Room 17,0,20,AI,Wednesday,Sophia Lopez,2082,Sarah Clark
Room 17,0,21,AI,Wednesday,Alexander Scott,2089,Sarah Clark
Room 17,0,21,AI,Wednesday,Charlotte Evans,2090,Sarah Clark
Room 17,0,22,AI,Wednesday,Matthew Nelson,2097,Sarah Clark
Room 17,0,22,AI,Wednesday,Grace Robinson,2098,Sarah Clark
Room 17,0,19,AI,Wednesday,James Wilson,2105,Sarah Clark
Room 17,0,19,AI,Wednesday,Sarah Clark,2106,Sarah Clark
Room 17,0,20,AI,Wednesday,William Rodriguez,2113,Sarah Clark
Room 17,0,20,AI,Wednesday,Sophia Lopez,2114,Sarah Clark
Room 17,0,21,AI,Wednesday,Alexander Scott,2121,Sarah Clark
Room 17,0,21,AI,Wednesday,Charlotte Evans,2122,Sarah Clark
Room 17,0,22,AI,Wednesday,Matthew Nelson,2129,Sarah Clark
Room 17,0,22,AI,Wednesday,Grace Robinson,2130,Sarah Clark
Room 17,0,19,AI,Wednesday,James Wilson,2137,Sarah Clark
Room 17,0,19,AI,Wednesday,Sarah Clark,2138,Sarah Clark
Room 17,0,20,AI,Wednesday,William Rodriguez,2145,Sarah Clark
Room 17,0,20,AI,Wednesday,Sophia Lopez,2146,Sarah Clark
Room 17,0,21,AI,Wednesday,Alexander Scott,2153,Sarah Clark
Room 17,0,21,AI,Wednesday,Charlotte Evans,2154,Sarah Clark
Room 17,0,22,AI,Wednesday,Matthew Nelson,2161,Sarah Clark
Room 17,0,22,AI,Wednesday,Grace Robinson,2162,Sarah Clark
Room 17,0,19,AI,Wednesday,James Wilson,2169,Sarah Clark
Room 17,0,19,AI,Wednesday,Sarah Clark,2170,Sarah Clark
Room 17,0,20,AI,Wednesday,William Rodriguez,2177,Sarah Clark
Room 17,0,20,AI,Wednesday,Sophia Lopez,2178,Sarah Clark
Room 17,0,21,AI,Wednesday,Alexander Scott,2185,Sarah Clark
Room 17,0,21,AI,Wednesday,Charlotte Evans,2186,Sarah Clark
Room 18,0,19,AI,Wednesday,James Wilson,2196,James Wilson
Room 18,0,19,AI,Wednesday,Sarah Clark,2197,James Wilson
Room 18,0,20,AI,Wednesday,William Rodriguez,2204,James Wilson
Room 18,0,20,AI,Wednesday,Sophia Lopez,2205,James Wilson
Room 18,0,21,AI,Wednesday,Alexander Scott,2212,James Wilson
Room 18,0,21,AI,Wednesday,Charlotte Evans,2213,James Wilson
Room 18,0,22,AI,Wednesday,Matthew Nelson,2220,James Wilson
Room 18,0,22,AI,Wednesday,Grace Robinson,2221,James Wilson
Room 18,0,19,AI,Wednesday,James Wilson,2228,James Wilson
Room 18,0,19,AI,Wednesday,Sarah Clark,2229,James Wilson
Room 18,0,20,AI,Wednesday,William Rodriguez,2236,James Wilson
Room 18,0,20,AI,Wednesday,Sophia Lopez,2237,James Wilson
Room 18,0,21,AI,Wednesday,Alexander Scott,2244,James Wilson
Room 18,0,21,AI,Wednesday,Charlotte Evans,2245,James Wilson
Room 18,0,22,AI,Wednesday,Matthew Nelson,2252,James Wilson
Room 18,0,22,AI,Wednesday,Grace Robinson,2253,James Wilson
Room 18,0,19,AI,Wednesday,James Wilson,2260,James Wilson
Room 18,0,19,AI,Wednesday,Sarah Clark,2261,James Wilson
Room 18,0,20,AI,Wednesday,William Rodriguez,2268,James Wilson
Room 18,0,20,AI,Wednesday,Sophia Lopez,2269,James Wilson
Room 18,0,21,AI,Wednesday,Alexander Scott,2276,James Wilson
Room 18,0,21,AI,Wednesday,Charlotte Evans,2277,James Wilson
Room 18,0,22,AI,Wednesday,Matthew Nelson,2284,James Wilson
Room 18,0,22,AI,Wednesday,Grace Robinson,2285,James Wilson
Room 18,0,19,AI,Wednesday,James Wilson,2292,James Wilson
Room 18,0,19,AI,Wednesday,Sarah Clark,2293,James Wilson
Room 18,0,20,AI,Wednesday,William Rodriguez,2300,James Wilson
Room 18,0,20,AI,Wednesday,Sophia Lopez,2301,James Wilson
Room 18,0,21,AI,Wednesday,Alexander Scott,2308,James Wilson
Room 18,0,21,AI,Wednesday,Charlotte Evans,2309,James Wilson
Room 19,0,19,AI,Wednesday,James Wilson,2319,William Rodriguez
Room 19,0,19,AI,Wednesday,Sarah Clark,2320,William Rodriguez
Room 19,0,20,AI,Wednesday,William Rodriguez,2327,William Rodriguez
Room 19,0,20,AI,Wednesday,Sophia Lopez,2328,William Rodriguez
Room 19,0,21,AI,Wednesday,Alexander Scott,2335,William Rodriguez
Room 19,0,21,AI,Wednesday,Charlotte Evans,2336,William Rodriguez
Room 19,0,22,AI,Wednesday,Matthew Nelson,2343,William Rodriguez
Room 19,0,22,AI,Wednesday,Grace Robinson,2344,William Rodriguez
Room 19,0,19,AI,Wednesday,James Wilson,2351,William Rodriguez
Room 19,0,19,AI,Wednesday,Sarah Clark,2352,William Rodriguez
Room 19,0,20,AI,Wednesday,William Rodriguez,2359,William Rodriguez
Room 19,0,20,AI,Wednesday,Sophia Lopez,2360,William Rodriguez
Room 19,0,21,AI,Wednesday,Alexander Scott,2367,William Rodriguez
Room 19,0,21,AI,Wednesday,Charlotte Evans,2368,William Rodriguez
Room 19,0,22,AI,Wednesday,Matthew Nelson,2375,William Rodriguez
Room 19,0,22,AI,Wednesday,Grace Robinson,2376,William Rodriguez
Room 19,0,19,AI,Wednesday,James Wilson,2383,William Rodriguez
Room 19,0,19,AI,Wednesday,Sarah Clark,2384,William Rodriguez
Room 19,0,20,AI,Wednesday,William Rodriguez,2391,William Rodriguez
Room 19,0,20,AI,Wednesday,Sophia Lopez,2392,William Rodriguez
Room 19,0,21,AI,Wednesday,Alexander Scott,2399,William Rodriguez
Room 19,0,21,AI,Wednesday,Charlotte Evans,2400,William Rodriguez
Room 19,0,22,AI,Wednesday,Matthew Nelson,2407,William Rodriguez
Room 19,0,22,AI,Wednesday,Grace Robinson,2408,William Rodriguez
Room 19,0,19,AI,Wednesday,James Wilson,2415,William Rodriguez
Room 19,0,19,AI,Wednesday,Sarah Clark,2416,William Rodriguez
Room 19,0,20,AI,Wednesday,William Rodriguez,2423,William Rodriguez
Room 19,0,20,AI,Wednesday,Sophia Lopez,2424,William Rodriguez
Room 19,0,21,AI,Wednesday,Alexander Scott,2431,William Rodriguez
Room 19,0,21,AI,Wednesday,Charlotte Evans,2432,William Rodriguez
Room 20,0,19,AI,Wednesday,James Wilson,2442,William Rodriguez
Room 20,0,19,AI,Wednesday,Sarah Clark,2443,William Rodriguez
Room 20,0,20,AI,Wednesday,William Rodriguez,2450,William Rodriguez
Room 20,0,20,AI,Wednesday,Sophia Lopez,2451,William Rodriguez
Room 20,0,21,AI,Wednesday,Alexander Scott,2458,William Rodriguez
Room 20,0,21,AI,Wednesday,Charlotte Evans,2459,William Rodriguez
Room 20,0,22,AI,Wednesday,Matthew Nelson,2466,William Rodriguez
Room 20,0,22,AI,Wednesday,Grace Robinson,2467,William Rodriguez
Room 20,0,19,AI,Wednesday,James Wilson,2474,William Rodriguez
Room 20,0,19,AI,Wednesday,Sarah Clark,2475,William Rodriguez
Room 20,0,20,AI,Wednesday,William Rodriguez,2482,William Rodriguez
Room 20,0,20,AI,Wednesday,Sophia Lopez,2483,William Rodriguez
Room 20,0,21,AI,Wednesday,Alexander Scott,2490,William Rodriguez
Room 20,0,21,AI,Wednesday,Charlotte Evans,2491,William Rodriguez
Room 20,0,22,AI,Wednesday,Matthew Nelson,2498,William Rodriguez
Room 20,0,22,AI,Wednesday,Grace Robinson,2499,William Rodriguez
Room 20,0,19,AI,Wednesday,James Wilson,2506,William Rodriguez
Room 20,0,19,AI,Wednesday,Sarah Clark,2507,William Rodriguez
Room 20,0,20,AI,Wednesday,William Rodriguez,2514,William Rodriguez
Room 20,0,20,AI,Wednesday,Sophia Lopez,2515,William Rodriguez
Room 20,0,21,AI,Wednesday,Alexander Scott,2522,William Rodriguez
Room 20,0,21,AI,Wednesday,Charlotte Evans,2523,William Rodriguez
Room 20,0,22,AI,Wednesday,Matthew Nelson,2530,William Rodriguez
Room 20,0,22,AI,Wednesday,Grace Robinson,2531,William Rodriguez
Room 20,0,19,AI,Wednesday,James Wilson,2538,William Rodriguez
Room 20,0,19,AI,Wednesday,Sarah Clark,2539,William Rodriguez
Room 20,0,20,AI,Wednesday,William Rodriguez,2546,William Rodriguez
Room 20,0,20,AI,Wednesday,Sophia Lopez,2547,William Rodriguez
Room 20,0,21,AI,Wednesday,Alexander Scott,2554,William Rodriguez
Room 20,0,21,AI,Wednesday,Charlotte Evans,2555,William Rodriguez
Room 21,0,19,AI,Wednesday,James Wilson,2565,Charlotte Evans
Room 21,0,19,AI,Wednesday,Sarah Clark,2566,Charlotte Evans
Room 21,0,20,AI,Wednesday,William Rodriguez,2573,Charlotte Evans
Room 21,0,20,AI,Wednesday,Sophia Lopez,2574,Charlotte Evans
Room 21,0,21,AI,Wednesday,Alexander Scott,2581,Charlotte Evans
Room 21,0,21,AI,Wednesday,Charlotte Evans,2582,Charlotte Evans
Room 21,0,22,AI,Wednesday,Matthew Nelson,2589,Charlotte Evans
Room 21,0,22,AI,Wednesday,Grace Robinson,2590,Charlotte Evans
Room 21,0,19,AI,Wednesday,James Wilson,2597,Charlotte Evans
Room 21,0,19,AI,Wednesday,Sarah Clark,2598,Charlotte Evans
Room 21,0,20,AI,Wednesday,William Rodriguez,2605,Charlotte Evans
Room 21,0,20,AI,Wednesday,Sophia Lopez,2606,Charlotte Evans
Room 21,0,21,AI,Wednesday,Alexander Scott,2613,Charlotte Evans
Room 21,0,21,AI,Wednesday,Charlotte Evans,2614,Charlotte Evans
Room 21,0,22,AI,Wednesday,Matthew Nelson,2621,Charlotte Evans
Room 21,0,22,AI,Wednesday,Grace Robinson,2622,Charlotte Evans
Room 21,0,19,AI,Wednesday,James Wilson,2629,Charlotte Evans
Room 21,0,19,AI,Wednesday,Sarah Clark,2630,Charlotte Evans
Room 21,0,20,AI,Wednesday,William Rodriguez,2637,Charlotte Evans
Room 21,0,20,AI,Wednesday,Sophia Lopez,2638,Charlotte Evans
Room 21,0,21,AI,Wednesday,Alexander Scott,2645,Charlotte Evans
Room 21,0,21,AI,Wednesday,Charlotte Evans,2646,Charlotte Evans
Room 21,0,22,AI,Wednesday,Matthew Nelson,2653,Charlotte Evans
Room 21,0,22,AI,Wednesday,Grace Robinson,2654,Charlotte Evans
Room 21,0,19,AI,Wednesday,James Wilson,2661,Charlotte Evans
Room 21,0,19,AI,Wednesday,Sarah Clark,2662,Charlotte Evans
Room 21,0,20,AI,Wednesday,William Rodriguez,2669,Charlotte Evans
Room 21,0,20,AI,Wednesday,Sophia Lopez,2670,Charlotte Evans
Room 21,0,21,AI,Wednesday,Alexander Scott,2677,Charlotte Evans
Room 21,0,21,AI,Wednesday,Charlotte Evans,2678,Charlotte Evans
Room 22,0,19,AI,Wednesday,James Wilson,2688,Matthew Nelson
Room 22,0,19,AI,Wednesday,Sarah Clark,2689,Matthew Nelson
Room 22,0,20,AI,Wednesday,William Rodriguez,2696,Matthew Nelson
Room 22,0,20,AI,Wednesday,Sophia Lopez,2697,Matthew Nelson
Room 22,0,21,AI,Wednesday,Alexander Scott,2704,Matthew Nelson
Room 22,0,21,AI,Wednesday,Charlotte Evans,2705,Matthew Nelson
Room 22,0,22,AI,Wednesday,Matthew Nelson,2712,Matthew Nelson
Room 22,0,22,AI,Wednesday,Grace Robinson,2713,Matthew Nelson
Room 22,0,19,AI,Wednesday,James Wilson,2720,Matthew Nelson
Room 22,0,19,AI,Wednesday,Sarah Clark,2721,Matthew Nelson
Room 22,0,20,AI,Wednesday,William Rodriguez,2728,Matthew Nelson
Room 22,0,20,AI,Wednesday,Sophia Lopez,2729,Matthew Nelson
Room 22,0,21,AI,Wednesday,Alexander Scott,2736,Matthew Nelson
Room 22,0,21,AI,Wednesday,Charlotte Evans,2737,Matthew Nelson
Room 22,0,22,AI,Wednesday,Matthew Nelson,2744,Matthew Nelson
Room 22,0,22,AI,Wednesday,Grace Robinson,2745,Matthew Nelson
Room 22,0,19,AI,Wednesday,James Wilson,2752,Matthew Nelson
Room 22,0,19,AI,Wednesday,Sarah Clark,2753,Matthew Nelson
Room 22,0,20,AI,Wednesday,William Rodriguez,2760,Matthew Nelson
Room 22,0,20,AI,Wednesday,Sophia Lopez,2761,Matthew Nelson
Room 22,0,21,AI,Wednesday,Alexander Scott,2768,Matthew Nelson
Room 22,0,21,AI,Wednesday,Charlotte Evans,2769,Matthew Nelson
Room 22,0,22,AI,Wednesday,Matthew Nelson,2776,Matthew Nelson
Room 22,0,22,AI,Wednesday,Grace Robinson,2777,Matthew Nelson
Room 22,0,19,AI,Wednesday,James Wilson,2784,Matthew Nelson
Room 22,0,19,AI,Wednesday,Sarah Clark,2785,Matthew Nelson
Room 22,0,20,AI,Wednesday,William Rodriguez,2792,Matthew Nelson
Room 22,0,20,AI,Wednesday,Sophia Lopez,2793,Matthew Nelson
Room 22,0,21,AI,Wednesday,Alexander Scott,2800,Matthew Nelson
Room 22,0,21,AI,Wednesday,Charlotte Evans,2801,Matthew Nelson
Room 1,3,19,BBA,Thursday,David Martinez,107,Daniel Turner
Room 1,3,19,BBA,Thursday,Jessica Thompson,108,Daniel Turner
Room 1,3,20,BBA,Thursday,Matthew Perez,115,Daniel Turner
Room 1,3,20,BBA,Thursday,Isabella Green,116,Daniel Turner
Room 1,3,21,BBA,Thursday,Daniel Turner,123,Daniel Turner
Room 1,3,21,BBA,Thursday,Emily Moore,124,Daniel Turner
Room 1,3,22,BBA,Thursday,John Turner,131,Daniel Turner
Room 1,3,22,BBA,Thursday,Olivia Ward,132,Daniel Turner
Room 1,3,19,BBA,Thursday,David Martinez,139,Daniel Turner
Room 1,3,19,BBA,Thursday,Jessica Thompson,140,Daniel Turner
Room 1,3,20,BBA,Thursday,Matthew Perez,147,Daniel Turner
Room 1,3,20,BBA,Thursday,Isabella Green,148,Daniel Turner
Room 1,3,21,BBA,Thursday,Daniel Turner,155,Daniel Turner
Room 1,3,21,BBA,Thursday,Emily Moore,156,Daniel Turner
Room 1,3,22,BBA,Thursday,John Turner,163,Daniel Turner
Room 1,3,22,BBA,Thursday,Olivia Ward,164,Daniel Turner
Room 1,3,19,BBA,Thursday,David Martinez,171,Daniel Turner
Room 1,3,19,BBA,Thursday,Jessica Thompson,172,Daniel Turner
Room 1,3,20,BBA,Thursday,Matthew Perez,179,Daniel Turner
Room 1,3,20,BBA,Thursday,Isabella Green,180,Daniel Turner
Room 1,3,21,BBA,Thursday,Daniel Turner,187,Daniel Turner
Room 1,3,21,BBA,Thursday,Emily Moore,188,Daniel Turner
Room 1,3,22,BBA,Thursday,John Turner,195,Daniel Turner
Room 1,3,22,BBA,Thursday,Olivia Ward,196,Daniel Turner
Room 1,3,19,BBA,Thursday,David Martinez,203,Daniel Turner
Room 1,3,19,BBA,Thursday,Jessica Thompson,204,Daniel Turner
Room 1,3,20,BBA,Thursday,Matthew Perez,211,Daniel Turner
Room 1,3,20,BBA,Thursday,Isabella Green,212,Daniel Turner
Room 1,3,21,BBA,Thursday,Daniel Turner,219,Daniel Turner
Room 1,3,21,BBA,Thursday,Emily Moore,220,Daniel Turner
Room 2,3,19,BBA,Thursday,David Martinez,230,David Martinez
Room 2,3,19,BBA,Thursday,Jessica Thompson,231,David Martinez
Room 2,3,20,BBA,Thursday,Matthew Perez,238,David Martinez
Room 2,3,20,BBA,Thursday,Isabella Green,239,David Martinez
Room 2,3,21,BBA,Thursday,Daniel Turner,246,David Martinez
Room 2,3,21,BBA,Thursday,Emily Moore,247,David Martinez
Room 2,3,22,BBA,Thursday,John Turner,254,David Martinez
Room 2,3,22,BBA,Thursday,Olivia Ward,255,David Martinez
Room 2,3,19,BBA,Thursday,David Martinez,262,David Martinez
Room 2,3,19,BBA,Thursday,Jessica Thompson,263,David Martinez
Room 2,3,20,BBA,Thursday,Matthew Perez,270,David Martinez
Room 2,3,20,BBA,Thursday,Isabella Green,271,David Martinez
Room 2,3,21,BBA,Thursday,Daniel Turner,278,David Martinez
Room 2,3,21,BBA,Thursday,Emily Moore,279,David Martinez
Room 2,3,22,BBA,Thursday,John Turner,286,David Martinez
Room 2,3,22,BBA,Thursday,Olivia Ward,287,David Martinez
Room 2,3,19,BBA,Thursday,David Martinez,294,David Martinez
Room 2,3,19,BBA,Thursday,Jessica Thompson,295,David Martinez
Room 2,3,20,BBA,Thursday,Matthew Perez,302,David Martinez
Room 2,3,20,BBA,Thursday,Isabella Green,303,David Martinez
Room 2,3,21,BBA,Thursday,Daniel Turner,310,David Martinez
Room 2,3,21,BBA,Thursday,Emily Moore,311,David Martinez
Room 2,3,22,BBA,Thursday,John Turner,318,David Martinez
Room 2,3,22,BBA,Thursday,Olivia Ward,319,David Martinez
Room 2,3,19,BBA,Thursday,David Martinez,326,David Martinez
Room 2,3,19,BBA,Thursday,Jessica Thompson,327,David Martinez
Room 2,3,20,BBA,Thursday,Matthew Perez,334,David Martinez
Room 2,3,20,BBA,Thursday,Isabella Green,335,David Martinez
Room 2,3,21,BBA,Thursday,Daniel Turner,342,David Martinez
Room 2,3,21,BBA,Thursday,Emily Moore,343,David Martinez
Room 3,3,19,BBA,Thursday,David Martinez,353,Emily Moore
Room 3,3,19,BBA,Thursday,Jessica Thompson,354,Emily Moore
Room 3,3,20,BBA,Thursday,Matthew Perez,361,Emily Moore
Room 3,3,20,BBA,Thursday,Isabella Green,362,Emily Moore
Room 3,3,21,BBA,Thursday,Daniel Turner,369,Emily Moore
Room 3,3,21,BBA,Thursday,Emily Moore,370,Emily Moore
Room 3,3,22,BBA,Thursday,John Turner,377,Emily Moore
Room 3,3,22,BBA,Thursday,Olivia Ward,378,Emily Moore
Room 3,3,19,BBA,Thursday,David Martinez,385,Emily Moore
Room 3,3,19,BBA,Thursday,Jessica Thompson,386,Emily Moore
Room 3,3,20,BBA,Thursday,Matthew Perez,393,Emily Moore
Room 3,3,20,BBA,Thursday,Isabella Green,394,Emily Moore
Room 3,3,21,BBA,Thursday,Daniel Turner,401,Emily Moore
Room 3,3,21,BBA,Thursday,Emily Moore,402,Emily Moore
Room 3,3,22,BBA,Thursday,John Turner,409,Emily Moore
Room 3,3,22,BBA,Thursday,Olivia Ward,410,Emily Moore
Room 3,3,19,BBA,Thursday,David Martinez,417,Emily Moore
Room 3,3,19,BBA,Thursday,Jessica Thompson,418,Emily Moore
Room 3,3,20,BBA,Thursday,Matthew Perez,425,Emily Moore
Room 3,3,20,BBA,Thursday,Isabella Green,426,Emily Moore
Room 3,3,21,BBA,Thursday,Daniel Turner,433,Emily Moore
Room 3,3,21,BBA,Thursday,Emily Moore,434,Emily Moore
Room 3,3,22,BBA,Thursday,John Turner,441,Emily Moore
Room 3,3,22,BBA,Thursday,Olivia Ward,442,Emily Moore
Room 3,3,19,BBA,Thursday,David Martinez,449,Emily Moore
Room 3,3,19,BBA,Thursday,Jessica Thompson,450,Emily Moore
Room 3,3,20,BBA,Thursday,Matthew Perez,457,Emily Moore
Room 3,3,20,BBA,Thursday,Isabella Green,458,Emily Moore
Room 3,3,21,BBA,Thursday,Daniel Turner,465,Emily Moore
Room 3,3,21,BBA,Thursday,Emily Moore,466,Emily Moore
Room 4,3,19,BBA,Thursday,David Martinez,476,Daniel Turner
Room 4,3,19,BBA,Thursday,Jessica Thompson,477,Daniel Turner
Room 4,3,20,BBA,Thursday,Matthew Perez,484,Daniel Turner
Room 4,3,20,BBA,Thursday,Isabella Green,485,Daniel Turner
Room 4,3,21,BBA,Thursday,Daniel Turner,492,Daniel Turner
Room 4,3,21,BBA,Thursday,Emily Moore,493,Daniel Turner
Room 4,3,22,BBA,Thursday,John Turner,500,Daniel Turner
Room 4,3,22,BBA,Thursday,Olivia Ward,501,Daniel Turner
Room 4,3,19,BBA,Thursday,David Martinez,508,Daniel Turner
Room 4,3,19,BBA,Thursday,Jessica Thompson,509,Daniel Turner
Room 4,3,20,BBA,Thursday,Matthew Perez,516,Daniel Turner
Room 4,3,20,BBA,Thursday,Isabella Green,517,Daniel Turner
Room 4,3,21,BBA,Thursday,Daniel Turner,524,Daniel Turner
Room 4,3,21,BBA,Thursday,Emily Moore,525,Daniel Turner
Room 4,3,22,BBA,Thursday,John Turner,532,Daniel Turner
Room 4,3,22,BBA,Thursday,Olivia Ward,533,Daniel Turner
Room 4,3,19,BBA,Thursday,David Martinez,540,Daniel Turner
Room 4,3,19,BBA,Thursday,Jessica Thompson,541,Daniel Turner
Room 4,3,20,BBA,Thursday,Matthew Perez,548,Daniel Turner
Room 4,3,20,BBA,Thursday,Isabella Green,549,Daniel Turner
Room 4,3,21,BBA,Thursday,Daniel Turner,556,Daniel Turner
Room 4,3,21,BBA,Thursday,Emily Moore,557,Daniel Turner
Room 4,3,22,BBA,Thursday,John Turner,564,Daniel Turner
Room 4,3,22,BBA,Thursday,Olivia Ward,565,Daniel Turner
Room 4,3,19,BBA,Thursday,David Martinez,572,Daniel Turner
Room 4,3,19,BBA,Thursday,Jessica Thompson,573,Daniel Turner
Room 4,3,20,BBA,Thursday,Matthew Perez,580,Daniel Turner
Room 4,3,20,BBA,Thursday,Isabella Green,581,Daniel Turner
Room 4,3,21,BBA,Thursday,Daniel Turner,588,Daniel Turner
Room 4,3,21,BBA,Thursday,Emily Moore,589,Daniel Turner
Room 5,3,19,BBA,Thursday,David Martinez,599,Isabella Green
Room 5,3,19,BBA,Thursday,Jessica Thompson,600,Isabella Green
Room 5,3,20,BBA,Thursday,Matthew Perez,607,Isabella Green
Room 5,3,20,BBA,Thursday,Isabella Green,608,Isabella Green
Room 5,3,21,BBA,Thursday,Daniel Turner,615,Isabella Green
Room 5,3,21,BBA,Thursday,Emily Moore,616,Isabella Green
Room 5,3,22,BBA,Thursday,John Turner,623,Isabella Green
Room 5,3,22,BBA,Thursday,Olivia Ward,624,Isabella Green
Room 5,3,19,BBA,Thursday,David Martinez,631,Isabella Green
Room 5,3,19,BBA,Thursday,Jessica Thompson,632,Isabella Green
Room 5,3,20,BBA,Thursday,Matthew Perez,639,Isabella Green
Room 5,3,20,BBA,Thursday,Isabella Green,640,Isabella Green
Room 5,3,21,BBA,Thursday,Daniel Turner,647,Isabella Green
Room 5,3,21,BBA,Thursday,Emily Moore,648,Isabella Green
Room 5,3,22,BBA,Thursday,John Turner,655,Isabella Green
Room 5,3,22,BBA,Thursday,Olivia Ward,656,Isabella Green
Room 5,3,19,BBA,Thursday,David Martinez,663,Isabella Green
Room 5,3,19,BBA,Thursday,Jessica Thompson,664,Isabella Green
Room 5,3,20,BBA,Thursday,Matthew Perez,671,Isabella Green
Room 5,3,20,BBA,Thursday,Isabella Green,672,Isabella Green
Room 5,3,21,BBA,Thursday,Daniel Turner,679,Isabella Green
Room 5,3,21,BBA,Thursday,Emily Moore,680,Isabella Green
Room 5,3,22,BBA,Thursday,John Turner,687,Isabella Green
Room 5,3,22,BBA,Thursday,Olivia Ward,688,Isabella Green
Room 5,3,19,BBA,Thursday,David Martinez,695,Isabella Green
Room 5,3,19,BBA,Thursday,Jessica Thompson,696,Isabella Green
Room 5,3,20,BBA,Thursday,Matthew Perez,703,Isabella Green
Room 5,3,20,BBA,Thursday,Isabella Green,704,Isabella Green
Room 5,3,21,BBA,Thursday,Daniel Turner,711,Isabella Green
Room 5,3,21,BBA,Thursday,Emily Moore,712,Isabella Green
Room 6,3,19,BBA,Thursday,David Martinez,722,Daniel Turner
Room 6,3,19,BBA,Thursday,Jessica Thompson,723,Daniel Turner
Room 6,3,20,BBA,Thursday,Matthew Perez,730,Daniel Turner
Room 6,3,20,BBA,Thursday,Isabella Green,731,Daniel Turner
Room 6,3,21,BBA,Thursday,Daniel Turner,738,Daniel Turner
Room 6,3,21,BBA,Thursday,Emily Moore,739,Daniel Turner
Room 6,3,22,BBA,Thursday,John Turner,746,Daniel Turner
Room 6,3,22,BBA,Thursday,Olivia Ward,747,Daniel Turner
Room 6,3,19,BBA,Thursday,David Martinez,754,Daniel Turner
Room 6,3,19,BBA,Thursday,Jessica Thompson,755,Daniel Turner
Room 6,3,20,BBA,Thursday,Matthew Perez,762,Daniel Turner
Room 6,3,20,BBA,Thursday,Isabella Green,763,Daniel Turner
Room 6,3,21,BBA,Thursday,Daniel Turner,770,Daniel Turner
Room 6,3,21,BBA,Thursday,Emily Moore,771,Daniel Turner
Room 6,3,22,BBA,Thursday,John Turner,778,Daniel Turner
Room 6,3,22,BBA,Thursday,Olivia Ward,779,Daniel Turner
Room 6,3,19,BBA,Thursday,David Martinez,786,Daniel Turner
Room 6,3,19,BBA,Thursday,Jessica Thompson,787,Daniel Turner
Room 6,3,20,BBA,Thursday,Matthew Perez,794,Daniel Turner
Room 6,3,20,BBA,Thursday,Isabella Green,795,Daniel Turner
Room 6,3,21,BBA,Thursday,Daniel Turner,802,Daniel Turner
Room 6,3,21,BBA,Thursday,Emily Moore,803,Daniel Turner
Room 6,3,22,BBA,Thursday,John Turner,810,Daniel Turner
Room 6,3,22,BBA,Thursday,Olivia Ward,811,Daniel Turner
Room 6,3,19,BBA,Thursday,David Martinez,818,Daniel Turner
Room 6,3,19,BBA,Thursday,Jessica Thompson,819,Daniel Turner
Room 6,3,20,BBA,Thursday,Matthew Perez,826,Daniel Turner
Room 6,3,20,BBA,Thursday,Isabella Green,827,Daniel Turner
Room 6,3,21,BBA,Thursday,Daniel Turner,834,Daniel Turner
Room 6,3,21,BBA,Thursday,Emily Moore,835,Daniel Turner
Room 7,3,19,BBA,Thursday,David Martinez,845,Emily Moore
Room 7,3,19,BBA,Thursday,Jessica Thompson,846,Emily Moore
Room 7,3,20,BBA,Thursday,Matthew Perez,853,Emily Moore
Room 7,3,20,BBA,Thursday,Isabella Green,854,Emily Moore
Room 7,3,21,BBA,Thursday,Daniel Turner,861,Emily Moore
Room 7,3,21,BBA,Thursday,Emily Moore,862,Emily Moore
Room 7,3,22,BBA,Thursday,John Turner,869,Emily Moore
Room 7,3,22,BBA,Thursday,Olivia Ward,870,Emily Moore
Room 7,3,19,BBA,Thursday,David Martinez,877,Emily Moore
Room 7,3,19,BBA,Thursday,Jessica Thompson,878,Emily Moore
Room 7,3,20,BBA,Thursday,Matthew Perez,885,Emily Moore
Room 7,3,20,BBA,Thursday,Isabella Green,886,Emily Moore
Room 7,3,21,BBA,Thursday,Daniel Turner,893,Emily Moore
Room 7,3,21,BBA,Thursday,Emily Moore,894,Emily Moore
Room 7,3,22,BBA,Thursday,John Turner,901,Emily Moore
Room 7,3,22,BBA,Thursday,Olivia Ward,902,Emily Moore
Room 7,3,19,BBA,Thursday,David Martinez,909,Emily Moore
Room 7,3,19,BBA,Thursday,Jessica Thompson,910,Emily Moore
Room 7,3,20,BBA,Thursday,Matthew Perez,917,Emily Moore
Room 7,3,20,BBA,Thursday,Isabella Green,918,Emily Moore
Room 7,3,21,BBA,Thursday,Daniel Turner,925,Emily Moore
Room 7,3,21,BBA,Thursday,Emily Moore,926,Emily Moore
Room 7,3,22,BBA,Thursday,John Turner,933,Emily Moore
Room 7,3,22,BBA,Thursday,Olivia Ward,934,Emily Moore
Room 7,3,19,BBA,Thursday,David Martinez,941,Emily Moore
Room 7,3,19,BBA,Thursday,Jessica Thompson,942,Emily Moore
Room 7,3,20,BBA,Thursday,Matthew Perez,949,Emily Moore
Room 7,3,20,BBA,Thursday,Isabella Green,950,Emily Moore
Room 7,3,21,BBA,Thursday,Daniel Turner,957,Emily Moore
Room 7,3,21,BBA,Thursday,Emily Moore,958,Emily Moore
Room 8,3,19,BBA,Thursday,David Martinez,968,Matthew Perez
Room 8,3,19,BBA,Thursday,Jessica Thompson,969,Matthew Perez
Room 8,3,20,BBA,Thursday,Matthew Perez,976,Matthew Perez
Room 8,3,20,BBA,Thursday,Isabella Green,977,Matthew Perez
Room 8,3,21,BBA,Thursday,Daniel Turner,984,Matthew Perez
Room 8,3,21,BBA,Thursday,Emily Moore,985,Matthew Perez
Room 8,3,22,BBA,Thursday,John Turner,992,Matthew Perez
Room 8,3,22,BBA,Thursday,Olivia Ward,993,Matthew Perez
Room 8,3,19,BBA,Thursday,David Martinez,1000,Matthew Perez
Room 8,3,19,BBA,Thursday,Jessica Thompson,1001,Matthew Perez
Room 8,3,20,BBA,Thursday,Matthew Perez,1008,Matthew Perez
Room 8,3,20,BBA,Thursday,Isabella Green,1009,Matthew Perez
Room 8,3,21,BBA,Thursday,Daniel Turner,1016,Matthew Perez
Room 8,3,21,BBA,Thursday,Emily Moore,1017,Matthew Perez
Room 8,3,22,BBA,Thursday,John Turner,1024,Matthew Perez
Room 8,3,22,BBA,Thursday,Olivia Ward,1025,Matthew Perez
Room 8,3,19,BBA,Thursday,David Martinez,1032,Matthew Perez
Room 8,3,19,BBA,Thursday,Jessica Thompson,1033,Matthew Perez
Room 8,3,20,BBA,Thursday,Matthew Perez,1040,Matthew Perez
Room 8,3,20,BBA,Thursday,Isabella Green,1041,Matthew Perez
Room 8,3,21,BBA,Thursday,Daniel Turner,1048,Matthew Perez
Room 8,3,21,BBA,Thursday,Emily Moore,1049,Matthew Perez
Room 8,3,22,BBA,Thursday,John Turner,1056,Matthew Perez
Room 8,3,22,BBA,Thursday,Olivia Ward,1057,Matthew Perez
Room 8,3,19,BBA,Thursday,David Martinez,1064,Matthew Perez
Room 8,3,19,BBA,Thursday,Jessica Thompson,1065,Matthew Perez
Room 8,3,20,BBA,Thursday,Matthew Perez,1072,Matthew Perez
Room 8,3,20,BBA,Thursday,Isabella Green,1073,Matthew Perez
Room 8,3,21,BBA,Thursday,Daniel Turner,1080,Matthew Perez
Room 8,3,21,BBA,Thursday,Emily Moore,1081,Matthew Perez
Room 9,3,19,BBA,Thursday,David Martinez,1091,Emily Moore
Room 9,3,19,BBA,Thursday,Jessica Thompson,1092,Emily Moore
Room 9,3,20,BBA,Thursday,Matthew Perez,1099,Emily Moore
Room 9,3,20,BBA,Thursday,Isabella Green,1100,Emily Moore
Room 9,3,21,BBA,Thursday,Daniel Turner,1107,Emily Moore
Room 9,3,21,BBA,Thursday,Emily Moore,1108,Emily Moore
Room 9,3,22,BBA,Thursday,John Turner,1115,Emily Moore
Room 9,3,22,BBA,Thursday,Olivia Ward,1116,Emily Moore
Room 9,3,19,BBA,Thursday,David Martinez,1123,Emily Moore
Room 9,3,19,BBA,Thursday,Jessica Thompson,1124,Emily Moore
Room 9,3,20,BBA,Thursday,Matthew Perez,1131,Emily Moore
Room 9,3,20,BBA,Thursday,Isabella Green,1132,Emily Moore
Room 9,3,21,BBA,Thursday,Daniel Turner,1139,Emily Moore
Room 9,3,21,BBA,Thursday,Emily Moore,1140,Emily Moore
Room 9,3,22,BBA,Thursday,John Turner,1147,Emily Moore
Room 9,3,22,BBA,Thursday,Olivia Ward,1148,Emily Moore
Room 9,3,19,BBA,Thursday,David Martinez,1155,Emily Moore
Room 9,3,19,BBA,Thursday,Jessica Thompson,1156,Emily Moore
Room 9,3,20,BBA,Thursday,Matthew Perez,1163,Emily Moore
Room 9,3,20,BBA,Thursday,Isabella Green,1164,Emily Moore
Room 9,3,21,BBA,Thursday,Daniel Turner,1171,Emily Moore
Room 9,3,21,BBA,Thursday,Emily Moore,1172,Emily Moore
Room 9,3,22,BBA,Thursday,John Turner,1179,Emily Moore
Room 9,3,22,BBA,Thursday,Olivia Ward,1180,Emily Moore
Room 9,3,19,BBA,Thursday,David Martinez,1187,Emily Moore
Room 9,3,19,BBA,Thursday,Jessica Thompson,1188,Emily Moore
Room 9,3,20,BBA,Thursday,Matthew Perez,1195,Emily Moore
Room 9,3,20,BBA,Thursday,Isabella Green,1196,Emily Moore
Room 9,3,21,BBA,Thursday,Daniel Turner,1203,Emily Moore
Room 9,3,21,BBA,Thursday,Emily Moore,1204,Emily Moore
Room 10,3,19,BBA,Thursday,David Martinez,1214,Matthew Perez
Room 10,3,19,BBA,Thursday,Jessica Thompson,1215,Matthew Perez
Room 10,3,20,BBA,Thursday,Matthew Perez,1222,Matthew Perez
Room 10,3,20,BBA,Thursday,Isabella Green,1223,Matthew Perez
Room 10,3,21,BBA,Thursday,Daniel Turner,1230,Matthew Perez
Room 10,3,21,BBA,Thursday,Emily Moore,1231,Matthew Perez
Room 10,3,22,BBA,Thursday,John Turner,1238,Matthew Perez
Room 10,3,22,BBA,Thursday,Olivia Ward,1239,Matthew Perez
Room 10,3,19,BBA,Thursday,David Martinez,1246,Matthew Perez
Room 10,3,19,BBA,Thursday,Jessica Thompson,1247,Matthew Perez
Room 10,3,20,BBA,Thursday,Matthew Perez,1254,Matthew Perez
Room 10,3,20,BBA,Thursday,Isabella Green,1255,Matthew Perez
Room 10,3,21,BBA,Thursday,Daniel Turner,1262,Matthew Perez
Room 10,3,21,BBA,Thursday,Emily Moore,1263,Matthew Perez
Room 10,3,22,BBA,Thursday,John Turner,1270,Matthew Perez
Room 10,3,22,BBA,Thursday,Olivia Ward,1271,Matthew Perez
Room 10,3,19,BBA,Thursday,David Martinez,1278,Matthew Perez
Room 10,3,19,BBA,Thursday,Jessica Thompson,1279,Matthew Perez
Room 10,3,20,BBA,Thursday,Matthew Perez,1286,Matthew Perez
Room 10,3,20,BBA,Thursday,Isabella Green,1287,Matthew Perez
Room 10,3,21,BBA,Thursday,Daniel Turner,1294,Matthew Perez
Room 10,3,21,BBA,Thursday,Emily Moore,1295,Matthew Perez
Room 10,3,22,BBA,Thursday,John Turner,1302,Matthew Perez
Room 10,3,22,BBA,Thursday,Olivia Ward,1303,Matthew Perez
Room 10,3,19,BBA,Thursday,David Martinez,1310,Matthew Perez
Room 10,3,19,BBA,Thursday,Jessica Thompson,1311,Matthew Perez
Room 10,3,20,BBA,Thursday,Matthew Perez,1318,Matthew Perez
Room 10,3,20,BBA,Thursday,Isabella Green,1319,Matthew Perez
Room 10,3,21,BBA,Thursday,Daniel Turner,1326,Matthew Perez
Room 10,3,21,BBA,Thursday,Emily Moore,1327,Matthew Perez
Room 11,3,19,BBA,Thursday,David Martinez,1337,David Martinez
Room 11,3,19,BBA,Thursday,Jessica Thompson,1338,David Martinez
Room 11,3,20,BBA,Thursday,Matthew Perez,1345,David Martinez
Room 11,3,20,BBA,Thursday,Isabella Green,1346,David Martinez
Room 11,3,21,BBA,Thursday,Daniel Turner,1353,David Martinez
Room 11,3,21,BBA,Thursday,Emily Moore,1354,David Martinez
Room 11,3,22,BBA,Thursday,John Turner,1361,David Martinez
Room 11,3,22,BBA,Thursday,Olivia Ward,1362,David Martinez
Room 11,3,19,BBA,Thursday,David Martinez,1369,David Martinez
Room 11,3,19,BBA,Thursday,Jessica Thompson,1370,David Martinez
Room 11,3,20,BBA,Thursday,Matthew Perez,1377,David Martinez
Room 11,3,20,BBA,Thursday,Isabella Green,1378,David Martinez
Room 11,3,21,BBA,Thursday,Daniel Turner,1385,David Martinez
Room 11,3,21,BBA,Thursday,Emily Moore,1386,David Martinez
Room 11,3,22,BBA,Thursday,John Turner,1393,David Martinez
Room 11,3,22,BBA,Thursday,Olivia Ward,1394,David Martinez
Room 11,3,19,BBA,Thursday,David Martinez,1401,David Martinez
Room 11,3,19,BBA,Thursday,Jessica Thompson,1402,David Martinez
Room 11,3,20,BBA,Thursday,Matthew Perez,1409,David Martinez
Room 11,3,20,BBA,Thursday,Isabella Green,1410,David Martinez
Room 11,3,21,BBA,Thursday,Daniel Turner,1417,David Martinez
Room 11,3,21,BBA,Thursday,Emily Moore,1418,David Martinez
Room 11,3,22,BBA,Thursday,John Turner,1425,David Martinez
Room 11,3,22,BBA,Thursday,Olivia Ward,1426,David Martinez
Room 11,3,19,BBA,Thursday,David Martinez,1433,David Martinez
Room 11,3,19,BBA,Thursday,Jessica Thompson,1434,David Martinez
Room 11,3,20,BBA,Thursday,Matthew Perez,1441,David Martinez
Room 11,3,20,BBA,Thursday,Isabella Green,1442,David Martinez
Room 11,3,21,BBA,Thursday,Daniel Turner,1449,David Martinez
Room 11,3,21,BBA,Thursday,Emily Moore,1450,David Martinez
Room 12,3,19,BBA,Thursday,David Martinez,1460,Isabella Green
Room 12,3,19,BBA,Thursday,Jessica Thompson,1461,Isabella Green
Room 12,3,20,BBA,Thursday,Matthew Perez,1468,Isabella Green
Room 12,3,20,BBA,Thursday,Isabella Green,1469,Isabella Green
Room 12,3,21,BBA,Thursday,Daniel Turner,1476,Isabella Green
Room 12,3,21,BBA,Thursday,Emily Moore,1477,Isabella Green
Room 12,3,22,BBA,Thursday,John Turner,1484,Isabella Green
Room 12,3,22,BBA,Thursday,Olivia Ward,1485,Isabella Green
Room 12,3,19,BBA,Thursday,David Martinez,1492,Isabella Green
Room 12,3,19,BBA,Thursday,Jessica Thompson,1493,Isabella Green
Room 12,3,20,BBA,Thursday,Matthew Perez,1500,Isabella Green
Room 12,3,20,BBA,Thursday,Isabella Green,1501,Isabella Green
Room 12,3,21,BBA,Thursday,Daniel Turner,1508,Isabella Green
Room 12,3,21,BBA,Thursday,Emily Moore,1509,Isabella Green
Room 12,3,22,BBA,Thursday,John Turner,1516,Isabella Green
Room 12,3,22,BBA,Thursday,Olivia Ward,1517,Isabella Green
Room 12,3,19,BBA,Thursday,David Martinez,1524,Isabella Green
Room 12,3,19,BBA,Thursday,Jessica Thompson,1525,Isabella Green
Room 12,3,20,BBA,Thursday,Matthew Perez,1532,Isabella Green
Room 12,3,20,BBA,Thursday,Isabella Green,1533,Isabella Green
Room 12,3,21,BBA,Thursday,Daniel Turner,1540,Isabella Green
Room 12,3,21,BBA,Thursday,Emily Moore,1541,Isabella Green
Room 12,3,22,BBA,Thursday,John Turner,1548,Isabella Green
Room 12,3,22,BBA,Thursday,Olivia Ward,1549,Isabella Green
Room 12,3,19,BBA,Thursday,David Martinez,1556,Isabella Green
Room 12,3,19,BBA,Thursday,Jessica Thompson,1557,Isabella Green
Room 12,3,20,BBA,Thursday,Matthew Perez,1564,Isabella Green
Room 12,3,20,BBA,Thursday,Isabella Green,1565,Isabella Green
Room 12,3,21,BBA,Thursday,Daniel Turner,1572,Isabella Green
Room 12,3,21,BBA,Thursday,Emily Moore,1573,Isabella Green
Room 13,3,19,BBA,Thursday,David Martinez,1583,Isabella Green
Room 13,3,19,BBA,Thursday,Jessica Thompson,1584,Isabella Green
Room 13,3,20,BBA,Thursday,Matthew Perez,1591,Isabella Green
Room 13,3,20,BBA,Thursday,Isabella Green,1592,Isabella Green
Room 13,3,21,BBA,Thursday,Daniel Turner,1599,Isabella Green
Room 13,3,21,BBA,Thursday,Emily Moore,1600,Isabella Green
Room 13,3,22,BBA,Thursday,John Turner,1607,Isabella Green
Room 13,3,22,BBA,Thursday,Olivia Ward,1608,Isabella Green
Room 13,3,19,BBA,Thursday,David Martinez,1615,Isabella Green
Room 13,3,19,BBA,Thursday,Jessica Thompson,1616,Isabella Green
Room 13,3,20,BBA,Thursday,Matthew Perez,1623,Isabella Green
Room 13,3,20,BBA,Thursday,Isabella Green,1624,Isabella Green
Room 13,3,21,BBA,Thursday,Daniel Turner,1631,Isabella Green
Room 13,3,21,BBA,Thursday,Emily Moore,1632,Isabella Green
Room 13,3,22,BBA,Thursday,John Turner,1639,Isabella Green
Room 13,3,22,BBA,Thursday,Olivia Ward,1640,Isabella Green
Room 13,3,19,BBA,Thursday,David Martinez,1647,Isabella Green
Room 13,3,19,BBA,Thursday,Jessica Thompson,1648,Isabella Green
Room 13,3,20,BBA,Thursday,Matthew Perez,1655,Isabella Green
Room 13,3,20,BBA,Thursday,Isabella Green,1656,Isabella Green
Room 13,3,21,BBA,Thursday,Daniel Turner,1663,Isabella Green
Room 13,3,21,BBA,Thursday,Emily Moore,1664,Isabella Green
Room 13,3,22,BBA,Thursday,John Turner,1671,Isabella Green
Room 13,3,22,BBA,Thursday,Olivia Ward,1672,Isabella Green
Room 13,3,19,BBA,Thursday,David Martinez,1679,Isabella Green
Room 13,3,19,BBA,Thursday,Jessica Thompson,1680,Isabella Green
Room 13,3,20,BBA,Thursday,Matthew Perez,1687,Isabella Green
Room 13,3,20,BBA,Thursday,Isabella Green,1688,Isabella Green
Room 13,3,21,BBA,Thursday,Daniel Turner,1695,Isabella Green
Room 13,3,21,BBA,Thursday,Emily Moore,1696,Isabella Green
Room 14,3,19,BBA,Thursday,David Martinez,1706,David Martinez
Room 14,3,19,BBA,Thursday,Jessica Thompson,1707,David Martinez
Room 14,3,20,BBA,Thursday,Matthew Perez,1714,David Martinez
Room 14,3,20,BBA,Thursday,Isabella Green,1715,David Martinez
Room 14,3,21,BBA,Thursday,Daniel Turner,1722,David Martinez
Room 14,3,21,BBA,Thursday,Emily Moore,1723,David Martinez
Room 14,3,22,BBA,Thursday,John Turner,1730,David Martinez
Room 14,3,22,BBA,Thursday,Olivia Ward,1731,David Martinez
Room 14,3,19,BBA,Thursday,David Martinez,1738,David Martinez
Room 14,3,19,BBA,Thursday,Jessica Thompson,1739,David Martinez
Room 14,3,20,BBA,Thursday,Matthew Perez,1746,David Martinez
Room 14,3,20,BBA,Thursday,Isabella Green,1747,David Martinez
Room 14,3,21,BBA,Thursday,Daniel Turner,1754,David Martinez
Room 14,3,21,BBA,Thursday,Emily Moore,1755,David Martinez
Room 14,3,22,BBA,Thursday,John Turner,1762,David Martinez
Room 14,3,22,BBA,Thursday,Olivia Ward,1763,David Martinez
Room 14,3,19,BBA,Thursday,David Martinez,1770,David Martinez
Room 14,3,19,BBA,Thursday,Jessica Thompson,1771,David Martinez
Room 14,3,20,BBA,Thursday,Matthew Perez,1778,David Martinez
Room 14,3,20,BBA,Thursday,Isabella Green,1779,David Martinez
Room 14,3,21,BBA,Thursday,Daniel Turner,1786,David Martinez
Room 14,3,21,BBA,Thursday,Emily Moore,1787,David Martinez
Room 14,3,22,BBA,Thursday,John Turner,1794,David Martinez
Room 14,3,22,BBA,Thursday,Olivia Ward,1795,David Martinez
Room 14,3,19,BBA,Thursday,David Martinez,1802,David Martinez
Room 14,3,19,BBA,Thursday,Jessica Thompson,1803,David Martinez
Room 14,3,20,BBA,Thursday,Matthew Perez,1810,David Martinez
Room 14,3,20,BBA,Thursday,Isabella Green,1811,David Martinez
Room 14,3,21,BBA,Thursday,Daniel Turner,1818,David Martinez
Room 14,3,21,BBA,Thursday,Emily Moore,1819,David Martinez
Room 15,3,19,BBA,Thursday,David Martinez,1829,Daniel Turner
Room 15,3,19,BBA,Thursday,Jessica Thompson,1830,Daniel Turner
Room 15,3,20,BBA,Thursday,Matthew Perez,1837,Daniel Turner
Room 15,3,20,BBA,Thursday,Isabella Green,1838,Daniel Turner
Room 15,3,21,BBA,Thursday,Daniel Turner,1845,Daniel Turner
Room 15,3,21,BBA,Thursday,Emily Moore,1846,Daniel Turner
Room 15,3,22,BBA,Thursday,John Turner,1853,Daniel Turner
Room 15,3,22,BBA,Thursday,Olivia Ward,1854,Daniel Turner
Room 15,3,19,BBA,Thursday,David Martinez,1861,Daniel Turner
Room 15,3,19,BBA,Thursday,Jessica Thompson,1862,Daniel Turner
Room 15,3,20,BBA,Thursday,Matthew Perez,1869,Daniel Turner
Room 15,3,20,BBA,Thursday,Isabella Green,1870,Daniel Turner
Room 15,3,21,BBA,Thursday,Daniel Turner,1877,Daniel Turner
Room 15,3,21,BBA,Thursday,Emily Moore,1878,Daniel Turner
Room 15,3,22,BBA,Thursday,John Turner,1885,Daniel Turner
Room 15,3,22,BBA,Thursday,Olivia Ward,1886,Daniel Turner
Room 15,3,19,BBA,Thursday,David Martinez,1893,Daniel Turner
Room 15,3,19,BBA,Thursday,Jessica Thompson,1894,Daniel Turner
Room 15,3,20,BBA,Thursday,Matthew Perez,1901,Daniel Turner
Room 15,3,20,BBA,Thursday,Isabella Green,1902,Daniel Turner
Room 15,3,21,BBA,Thursday,Daniel Turner,1909,Daniel Turner
Room 15,3,21,BBA,Thursday,Emily Moore,1910,Daniel Turner
Room 15,3,22,BBA,Thursday,John Turner,1917,Daniel Turner
Room 15,3,22,BBA,Thursday,Olivia Ward,1918,Daniel Turner
Room 15,3,19,BBA,Thursday,David Martinez,1925,Daniel Turner
Room 15,3,19,BBA,Thursday,Jessica Thompson,1926,Daniel Turner
Room 15,3,20,BBA,Thursday,Matthew Perez,1933,Daniel Turner
Room 15,3,20,BBA,Thursday,Isabella Green,1934,Daniel Turner
Room 15,3,21,BBA,Thursday,Daniel Turner,1941,Daniel Turner
Room 15,3,21,BBA,Thursday,Emily Moore,1942,Daniel Turner
Room 16,3,19,BBA,Thursday,David Martinez,1952,Matthew Perez
Room 16,3,19,BBA,Thursday,Jessica Thompson,1953,Matthew Perez
Room 16,3,20,BBA,Thursday,Matthew Perez,1960,Matthew Perez
Room 16,3,20,BBA,Thursday,Isabella Green,1961,Matthew Perez
Room 16,3,21,BBA,Thursday,Daniel Turner,1968,Matthew Perez
Room 16,3,21,BBA,Thursday,Emily Moore,1969,Matthew Perez
Room 16,3,22,BBA,Thursday,John Turner,1976,Matthew Perez
Room 16,3,22,BBA,Thursday,Olivia Ward,1977,Matthew Perez
Room 16,3,19,BBA,Thursday,David Martinez,1984,Matthew Perez
Room 16,3,19,BBA,Thursday,Jessica Thompson,1985,Matthew Perez
Room 16,3,20,BBA,Thursday,Matthew Perez,1992,Matthew Perez
Room 16,3,20,BBA,Thursday,Isabella Green,1993,Matthew Perez
Room 16,3,21,BBA,Thursday,Daniel Turner,2000,Matthew Perez
Room 16,3,21,BBA,Thursday,Emily Moore,2001,Matthew Perez
Room 16,3,22,BBA,Thursday,John Turner,2008,Matthew Perez
Room 16,3,22,BBA,Thursday,Olivia Ward,2009,Matthew Perez
Room 16,3,19,BBA,Thursday,David Martinez,2016,Matthew Perez
Room 16,3,19,BBA,Thursday,Jessica Thompson,2017,Matthew Perez
Room 16,3,20,BBA,Thursday,Matthew Perez,2024,Matthew Perez
Room 16,3,20,BBA,Thursday,Isabella Green,2025,Matthew Perez
Room 16,3,21,BBA,Thursday,Daniel Turner,2032,Matthew Perez
Room 16,3,21,BBA,Thursday,Emily Moore,2033,Matthew Perez
Room 16,3,22,BBA,Thursday,John Turner,2040,Matthew Perez
Room 16,3,22,BBA,Thursday,Olivia Ward,2041,Matthew Perez
Room 16,3,19,BBA,Thursday,David Martinez,2048,Matthew Perez
Room 16,3,19,BBA,Thursday,Jessica Thompson,2049,Matthew Perez
Room 16,3,20,BBA,Thursday,Matthew Perez,2056,Matthew Perez
Room 16,3,20,BBA,Thursday,Isabella Green,2057,Matthew Perez
Room 16,3,21,BBA,Thursday,Daniel Turner,2064,Matthew Perez
Room 16,3,21,BBA,Thursday,Emily Moore,2065,Matthew Perez
Room 17,3,19,BBA,Thursday,David Martinez,2075,Isabella Green
Room 17,3,19,BBA,Thursday,Jessica Thompson,2076,Isabella Green
Room 17,3,20,BBA,Thursday,Matthew Perez,2083,Isabella Green
Room 17,3,20,BBA,Thursday,Isabella Green,2084,Isabella Green
Room 17,3,21,BBA,Thursday,Daniel Turner,2091,Isabella Green
Room 17,3,21,BBA,Thursday,Emily Moore,2092,Isabella Green
Room 17,3,22,BBA,Thursday,John Turner,2099,Isabella Green
Room 17,3,22,BBA,Thursday,Olivia Ward,2100,Isabella Green
Room 17,3,19,BBA,Thursday,David Martinez,2107,Isabella Green
Room 17,3,19,BBA,Thursday,Jessica Thompson,2108,Isabella Green
Room 17,3,20,BBA,Thursday,Matthew Perez,2115,Isabella Green
Room 17,3,20,BBA,Thursday,Isabella Green,2116,Isabella Green
Room 17,3,21,BBA,Thursday,Daniel Turner,2123,Isabella Green
Room 17,3,21,BBA,Thursday,Emily Moore,2124,Isabella Green
Room 17,3,22,BBA,Thursday,John Turner,2131,Isabella Green
Room 17,3,22,BBA,Thursday,Olivia Ward,2132,Isabella Green
Room 17,3,19,BBA,Thursday,David Martinez,2139,Isabella Green
Room 17,3,19,BBA,Thursday,Jessica Thompson,2140,Isabella Green
Room 17,3,20,BBA,Thursday,Matthew Perez,2147,Isabella Green
Room 17,3,20,BBA,Thursday,Isabella Green,2148,Isabella Green
Room 17,3,21,BBA,Thursday,Daniel Turner,2155,Isabella Green
Room 17,3,21,BBA,Thursday,Emily Moore,2156,Isabella Green
Room 17,3,22,BBA,Thursday,John Turner,2163,Isabella Green
Room 17,3,22,BBA,Thursday,Olivia Ward,2164,Isabella Green
Room 17,3,19,BBA,Thursday,David Martinez,2171,Isabella Green
Room 17,3,19,BBA,Thursday,Jessica Thompson,2172,Isabella Green
Room 17,3,20,BBA,Thursday,Matthew Perez,2179,Isabella Green
Room 17,3,20,BBA,Thursday,Isabella Green,2180,Isabella Green
Room 17,3,21,BBA,Thursday,Daniel Turner,2187,Isabella Green
Room 17,3,21,BBA,Thursday,Emily Moore,2188,Isabella Green
Room 18,3,19,BBA,Thursday,David Martinez,2198,Isabella Green
Room 18,3,19,BBA,Thursday,Jessica Thompson,2199,Isabella Green
Room 18,3,20,BBA,Thursday,Matthew Perez,2206,Isabella Green
Room 18,3,20,BBA,Thursday,Isabella Green,2207,Isabella Green
Room 18,3,21,BBA,Thursday,Daniel Turner,2214,Isabella Green
Room 18,3,21,BBA,Thursday,Emily Moore,2215,Isabella Green
Room 18,3,22,BBA,Thursday,John Turner,2222,Isabella Green
Room 18,3,22,BBA,Thursday,Olivia Ward,2223,Isabella Green
Room 18,3,19,BBA,Thursday,David Martinez,2230,Isabella Green
Room 18,3,19,BBA,Thursday,Jessica Thompson,2231,Isabella Green
Room 18,3,20,BBA,Thursday,Matthew Perez,2238,Isabella Green
Room 18,3,20,BBA,Thursday,Isabella Green,2239,Isabella Green
Room 18,3,21,BBA,Thursday,Daniel Turner,2246,Isabella Green
Room 18,3,21,BBA,Thursday,Emily Moore,2247,Isabella Green
Room 18,3,22,BBA,Thursday,John Turner,2254,Isabella Green
Room 18,3,22,BBA,Thursday,Olivia Ward,2255,Isabella Green
Room 18,3,19,BBA,Thursday,David Martinez,2262,Isabella Green
Room 18,3,19,BBA,Thursday,Jessica Thompson,2263,Isabella Green
Room 18,3,20,BBA,Thursday,Matthew Perez,2270,Isabella Green
Room 18,3,20,BBA,Thursday,Isabella Green,2271,Isabella Green
Room 18,3,21,BBA,Thursday,Daniel Turner,2278,Isabella Green
Room 18,3,21,BBA,Thursday,Emily Moore,2279,Isabella Green
Room 18,3,22,BBA,Thursday,John Turner,2286,Isabella Green
Room 18,3,22,BBA,Thursday,Olivia Ward,2287,Isabella Green
Room 18,3,19,BBA,Thursday,David Martinez,2294,Isabella Green
Room 18,3,19,BBA,Thursday,Jessica Thompson,2295,Isabella Green
Room 18,3,20,BBA,Thursday,Matthew Perez,2302,Isabella Green
Room 18,3,20,BBA,Thursday,Isabella Green,2303,Isabella Green
Room 18,3,21,BBA,Thursday,Daniel Turner,2310,Isabella Green
Room 18,3,21,BBA,Thursday,Emily Moore,2311,Isabella Green
Room 19,3,19,BBA,Thursday,David Martinez,2321,Daniel Turner
Room 19,3,19,BBA,Thursday,Jessica Thompson,2322,Daniel Turner
Room 19,3,20,BBA,Thursday,Matthew Perez,2329,Daniel Turner
Room 19,3,20,BBA,Thursday,Isabella Green,2330,Daniel Turner
Room 19,3,21,BBA,Thursday,Daniel Turner,2337,Daniel Turner
Room 19,3,21,BBA,Thursday,Emily Moore,2338,Daniel Turner
Room 19,3,22,BBA,Thursday,John Turner,2345,Daniel Turner
Room 19,3,22,BBA,Thursday,Olivia Ward,2346,Daniel Turner
Room 19,3,19,BBA,Thursday,David Martinez,2353,Daniel Turner
Room 19,3,19,BBA,Thursday,Jessica Thompson,2354,Daniel Turner
Room 19,3,20,BBA,Thursday,Matthew Perez,2361,Daniel Turner
Room 19,3,20,BBA,Thursday,Isabella Green,2362,Daniel Turner
Room 19,3,21,BBA,Thursday,Daniel Turner,2369,Daniel Turner
Room 19,3,21,BBA,Thursday,Emily Moore,2370,Daniel Turner
Room 19,3,22,BBA,Thursday,John Turner,2377,Daniel Turner
Room 19,3,22,BBA,Thursday,Olivia Ward,2378,Daniel Turner
Room 19,3,19,BBA,Thursday,David Martinez,2385,Daniel Turner
Room 19,3,19,BBA,Thursday,Jessica Thompson,2386,Daniel Turner
Room 19,3,20,BBA,Thursday,Matthew Perez,2393,Daniel Turner
Room 19,3,20,BBA,Thursday,Isabella Green,2394,Daniel Turner
Room 19,3,21,BBA,Thursday,Daniel Turner,2401,Daniel Turner
Room 19,3,21,BBA,Thursday,Emily Moore,2402,Daniel Turner
Room 19,3,22,BBA,Thursday,John Turner,2409,Daniel Turner
Room 19,3,22,BBA,Thursday,Olivia Ward,2410,Daniel Turner
Room 19,3,19,BBA,Thursday,David Martinez,2417,Daniel Turner
Room 19,3,19,BBA,Thursday,Jessica Thompson,2418,Daniel Turner
Room 19,3,20,BBA,Thursday,Matthew Perez,2425,Daniel Turner
Room 19,3,20,BBA,Thursday,Isabella Green,2426,Daniel Turner
Room 19,3,21,BBA,Thursday,Daniel Turner,2433,Daniel Turner
Room 19,3,21,BBA,Thursday,Emily Moore,2434,Daniel Turner
Room 20,3,19,BBA,Thursday,David Martinez,2444,Isabella Green
Room 20,3,19,BBA,Thursday,Jessica Thompson,2445,Isabella Green
Room 20,3,20,BBA,Thursday,Matthew Perez,2452,Isabella Green
Room 20,3,20,BBA,Thursday,Isabella Green,2453,Isabella Green
Room 20,3,21,BBA,Thursday,Daniel Turner,2460,Isabella Green
Room 20,3,21,BBA,Thursday,Emily Moore,2461,Isabella Green
Room 20,3,22,BBA,Thursday,John Turner,2468,Isabella Green
Room 20,3,22,BBA,Thursday,Olivia Ward,2469,Isabella Green
Room 20,3,19,BBA,Thursday,David Martinez,2476,Isabella Green
Room 20,3,19,BBA,Thursday,Jessica Thompson,2477,Isabella Green
Room 20,3,20,BBA,Thursday,Matthew Perez,2484,Isabella Green
Room 20,3,20,BBA,Thursday,Isabella Green,2485,Isabella Green
Room 20,3,21,BBA,Thursday,Daniel Turner,2492,Isabella Green
Room 20,3,21,BBA,Thursday,Emily Moore,2493,Isabella Green
Room 20,3,22,BBA,Thursday,John Turner,2500,Isabella Green
Room 20,3,22,BBA,Thursday,Olivia Ward,2501,Isabella Green
Room 20,3,19,BBA,Thursday,David Martinez,2508,Isabella Green
Room 20,3,19,BBA,Thursday,Jessica Thompson,2509,Isabella Green
Room 20,3,20,BBA,Thursday,Matthew Perez,2516,Isabella Green
Room 20,3,20,BBA,Thursday,Isabella Green,2517,Isabella Green
Room 20,3,21,BBA,Thursday,Daniel Turner,2524,Isabella Green
Room 20,3,21,BBA,Thursday,Emily Moore,2525,Isabella Green
Room 20,3,22,BBA,Thursday,John Turner,2532,Isabella Green
Room 20,3,22,BBA,Thursday,Olivia Ward,2533,Isabella Green
Room 20,3,19,BBA,Thursday,David Martinez,2540,Isabella Green
Room 20,3,19,BBA,Thursday,Jessica Thompson,2541,Isabella Green
Room 20,3,20,BBA,Thursday,Matthew Perez,2548,Isabella Green
Room 20,3,20,BBA,Thursday,Isabella Green,2549,Isabella Green
Room 20,3,21,BBA,Thursday,Daniel Turner,2556,Isabella Green
Room 20,3,21,BBA,Thursday,Emily Moore,2557,Isabella Green
Room 21,3,19,BBA,Thursday,David Martinez,2567,Isabella Green
Room 21,3,19,BBA,Thursday,Jessica Thompson,2568,Isabella Green
Room 21,3,20,BBA,Thursday,Matthew Perez,2575,Isabella Green
Room 21,3,20,BBA,Thursday,Isabella Green,2576,Isabella Green
Room 21,3,21,BBA,Thursday,Daniel Turner,2583,Isabella Green
Room 21,3,21,BBA,Thursday,Emily Moore,2584,Isabella Green
Room 21,3,22,BBA,Thursday,John Turner,2591,Isabella Green
Room 21,3,22,BBA,Thursday,Olivia Ward,2592,Isabella Green
Room 21,3,19,BBA,Thursday,David Martinez,2599,Isabella Green
Room 21,3,19,BBA,Thursday,Jessica Thompson,2600,Isabella Green
Room 21,3,20,BBA,Thursday,Matthew Perez,2607,Isabella Green
Room 21,3,20,BBA,Thursday,Isabella Green,2608,Isabella Green
Room 21,3,21,BBA,Thursday,Daniel Turner,2615,Isabella Green
Room 21,3,21,BBA,Thursday,Emily Moore,2616,Isabella Green
Room 21,3,22,BBA,Thursday,John Turner,2623,Isabella Green
Room 21,3,22,BBA,Thursday,Olivia Ward,2624,Isabella Green
Room 21,3,19,BBA,Thursday,David Martinez,2631,Isabella Green
Room 21,3,19,BBA,Thursday,Jessica Thompson,2632,Isabella Green
Room 21,3,20,BBA,Thursday,Matthew Perez,2639,Isabella Green
Room 21,3,20,BBA,Thursday,Isabella Green,2640,Isabella Green
Room 21,3,21,BBA,Thursday,Daniel Turner,2647,Isabella Green
Room 21,3,21,BBA,Thursday,Emily Moore,2648,Isabella Green
Room 21,3,22,BBA,Thursday,John Turner,2655,Isabella Green
Room 21,3,22,BBA,Thursday,Olivia Ward,2656,Isabella Green
Room 21,3,19,BBA,Thursday,David Martinez,2663,Isabella Green
Room 21,3,19,BBA,Thursday,Jessica Thompson,2664,Isabella Green
Room 21,3,20,BBA,Thursday,Matthew Perez,2671,Isabella Green
Room 21,3,20,BBA,Thursday,Isabella Green,2672,Isabella Green
Room 21,3,21,BBA,Thursday,Daniel Turner,2679,Isabella Green
Room 21,3,21,BBA,Thursday,Emily Moore,2680,Isabella Green
Room 22,3,19,BBA,Thursday,David Martinez,2690,Daniel Turner
Room 22,3,19,BBA,Thursday,Jessica Thompson,2691,Daniel Turner
Room 22,3,20,BBA,Thursday,Matthew Perez,2698,Daniel Turner
Room 22,3,20,BBA,Thursday,Isabella Green,2699,Daniel Turner
Room 22,3,21,BBA,Thursday,Daniel Turner,2706,Daniel Turner
Room 22,3,21,BBA,Thursday,Emily Moore,2707,Daniel Turner
Room 22,3,22,BBA,Thursday,John Turner,2714,Daniel Turner
Room 22,3,22,BBA,Thursday,Olivia Ward,2715,Daniel Turner
Room 22,3,19,BBA,Thursday,David Martinez,2722,Daniel Turner
Room 22,3,19,BBA,Thursday,Jessica Thompson,2723,Daniel Turner
Room 22,3,20,BBA,Thursday,Matthew Perez,2730,Daniel Turner
Room 22,3,20,BBA,Thursday,Isabella Green,2731,Daniel Turner
Room 22,3,21,BBA,Thursday,Daniel Turner,2738,Daniel Turner
Room 22,3,21,BBA,Thursday,Emily Moore,2739,Daniel Turner
Room 22,3,22,BBA,Thursday,John Turner,2746,Daniel Turner
Room 22,3,22,BBA,Thursday,Olivia Ward,2747,Daniel Turner
Room 22,3,19,BBA,Thursday,David Martinez,2754,Daniel Turner
Room 22,3,19,BBA,Thursday,Jessica Thompson,2755,Daniel Turner
Room 22,3,20,BBA,Thursday,Matthew Perez,2762,Daniel Turner
Room 22,3,20,BBA,Thursday,Isabella Green,2763,Daniel Turner
Room 22,3,21,BBA,Thursday,Daniel Turner,2770,Daniel Turner
Room 22,3,21,BBA,Thursday,Emily Moore,2771,Daniel Turner
Room 22,3,22,BBA,Thursday,John Turner,2778,Daniel Turner
Room 22,3,22,BBA,Thursday,Olivia Ward,2779,Daniel Turner
Room 22,3,19,BBA,Thursday,David Martinez,2786,Daniel Turner
Room 22,3,19,BBA,Thursday,Jessica Thompson,2787,Daniel Turner
Room 22,3,20,BBA,Thursday,Matthew Perez,2794,Daniel Turner
Room 22,3,20,BBA,Thursday,Isabella Green,2795,Daniel Turner
Room 22,3,21,BBA,Thursday,Daniel Turner,2802,Daniel Turner
Room 22,3,21,BBA,Thursday,Emily Moore,2803,Daniel Turner
